### var1 :  Probe_sc_eta 
### var2 :  Probe_pt 
  -2.500	  -2.000	 +10.000	 +15.000	0.045	0.004	0.060	0.007	0.047	0.049	0.060	0.060
  -2.000	  -1.566	 +10.000	 +15.000	0.096	0.005	0.123	0.009	0.104	0.110	0.118	0.124
  -1.566	  -1.442	 +10.000	 +15.000	0.099	0.015	0.135	0.020	0.083	0.097	0.115	0.139
  -1.442	  -0.800	 +10.000	 +15.000	0.187	0.007	0.186	0.010	0.186	0.199	0.189	0.188
  -0.800	  +0.000	 +10.000	 +15.000	0.223	0.006	0.235	0.009	0.218	0.223	0.234	0.236
  +0.000	  +0.800	 +10.000	 +15.000	0.224	0.006	0.236	0.008	0.227	0.240	0.249	0.232
  +0.800	  +1.442	 +10.000	 +15.000	0.195	0.007	0.173	0.009	0.189	0.204	0.187	0.173
  +1.442	  +1.566	 +10.000	 +15.000	0.090	0.012	0.067	0.014	0.051	0.112	0.096	0.067
  +1.566	  +2.000	 +10.000	 +15.000	0.067	0.005	0.091	0.008	0.067	0.066	0.094	0.085
  +2.000	  +2.500	 +10.000	 +15.000	0.083	0.005	0.077	0.007	0.082	0.087	0.080	0.079
  -2.500	  -2.000	 +15.000	 +20.000	0.187	0.005	0.187	0.008	0.185	0.186	0.198	0.183
  -2.000	  -1.566	 +15.000	 +20.000	0.254	0.006	0.296	0.010	0.256	0.263	0.321	0.296
  -1.566	  -1.442	 +15.000	 +20.000	0.211	0.012	0.208	0.016	0.209	0.218	0.226	0.189
  -1.442	  -0.800	 +15.000	 +20.000	0.352	0.005	0.382	0.008	0.349	0.360	0.383	0.381
  -0.800	  +0.000	 +15.000	 +20.000	0.415	0.005	0.440	0.007	0.411	0.416	0.438	0.441
  +0.000	  +0.800	 +15.000	 +20.000	0.430	0.004	0.438	0.007	0.426	0.436	0.444	0.433
  +0.800	  +1.442	 +15.000	 +20.000	0.347	0.005	0.363	0.008	0.346	0.350	0.367	0.359
  +1.442	  +1.566	 +15.000	 +20.000	0.130	0.007	0.199	0.016	0.190	0.177	0.224	0.205
  +1.566	  +2.000	 +15.000	 +20.000	0.217	0.006	0.267	0.009	0.218	0.219	0.261	0.269
  +2.000	  +2.500	 +15.000	 +20.000	0.192	0.005	0.198	0.008	0.190	0.191	0.224	0.191
  -2.500	  -2.000	 +20.000	 +35.000	0.335	0.002	0.366	0.003	0.328	0.346	0.372	0.364
  -2.000	  -1.566	 +20.000	 +35.000	0.406	0.001	0.472	0.002	0.398	0.416	0.475	0.472
  -1.566	  -1.442	 +20.000	 +35.000	0.323	0.003	0.334	0.004	0.324	0.373	0.347	0.348
  -1.442	  -0.800	 +20.000	 +35.000	0.494	0.001	0.536	0.002	0.483	0.492	0.545	0.538
  -0.800	  +0.000	 +20.000	 +35.000	0.554	0.001	0.590	0.001	0.549	0.564	0.594	0.592
  +0.000	  +0.800	 +20.000	 +35.000	0.560	0.001	0.595	0.001	0.554	0.566	0.602	0.595
  +0.800	  +1.442	 +20.000	 +35.000	0.488	0.001	0.530	0.002	0.477	0.493	0.533	0.533
  +1.442	  +1.566	 +20.000	 +35.000	0.306	0.003	0.331	0.004	0.303	0.334	0.347	0.344
  +1.566	  +2.000	 +20.000	 +35.000	0.372	0.001	0.445	0.002	0.371	0.386	0.450	0.447
  +2.000	  +2.500	 +20.000	 +35.000	0.337	0.002	0.380	0.003	0.329	0.347	0.384	0.376
  -2.500	  -2.000	 +35.000	 +50.000	0.414	0.001	0.477	0.002	0.412	0.410	0.477	0.475
  -2.000	  -1.566	 +35.000	 +50.000	0.500	0.001	0.577	0.001	0.498	0.494	0.576	0.572
  -1.566	  -1.442	 +35.000	 +50.000	0.455	0.002	0.496	0.003	0.455	0.450	0.490	0.493
  -1.442	  -0.800	 +35.000	 +50.000	0.578	0.001	0.636	0.001	0.577	0.574	0.636	0.631
  -0.800	  +0.000	 +35.000	 +50.000	0.651	0.001	0.690	0.001	0.650	0.647	0.690	0.685
  +0.000	  +0.800	 +35.000	 +50.000	0.653	0.001	0.695	0.001	0.652	0.648	0.694	0.690
  +0.800	  +1.442	 +35.000	 +50.000	0.571	0.001	0.630	0.001	0.570	0.567	0.630	0.627
  +1.442	  +1.566	 +35.000	 +50.000	0.444	0.002	0.486	0.003	0.442	0.441	0.493	0.485
  +1.566	  +2.000	 +35.000	 +50.000	0.483	0.001	0.566	0.001	0.482	0.479	0.565	0.560
  +2.000	  +2.500	 +35.000	 +50.000	0.423	0.001	0.488	0.002	0.421	0.419	0.487	0.485
  -2.500	  -2.000	 +50.000	 +90.000	0.438	0.003	0.514	0.004	0.436	0.428	0.511	0.513
  -2.000	  -1.566	 +50.000	 +90.000	0.527	0.002	0.613	0.004	0.527	0.517	0.615	0.611
  -1.566	  -1.442	 +50.000	 +90.000	0.474	0.005	0.500	0.008	0.471	0.452	0.508	0.505
  -1.442	  -0.800	 +50.000	 +90.000	0.592	0.001	0.661	0.003	0.595	0.589	0.659	0.661
  -0.800	  +0.000	 +50.000	 +90.000	0.680	0.001	0.723	0.002	0.680	0.672	0.725	0.722
  +0.000	  +0.800	 +50.000	 +90.000	0.684	0.001	0.728	0.002	0.684	0.674	0.733	0.729
  +0.800	  +1.442	 +50.000	 +90.000	0.587	0.002	0.660	0.003	0.587	0.579	0.660	0.661
  +1.442	  +1.566	 +50.000	 +90.000	0.439	0.005	0.499	0.008	0.435	0.429	0.502	0.501
  +1.566	  +2.000	 +50.000	 +90.000	0.531	0.002	0.608	0.004	0.530	0.521	0.610	0.614
  +2.000	  +2.500	 +50.000	 +90.000	0.435	0.003	0.518	0.004	0.433	0.425	0.519	0.520
  -2.500	  -2.000	 +90.000	+150.000	0.495	0.013	0.535	0.019	0.495	0.495	0.520	0.532
  -2.000	  -1.566	 +90.000	+150.000	0.566	0.010	0.607	0.015	0.566	0.565	0.619	0.604
  -1.566	  -1.442	 +90.000	+150.000	0.538	0.021	0.598	0.032	0.538	0.543	0.561	0.582
  -1.442	  -0.800	 +90.000	+150.000	0.611	0.007	0.695	0.010	0.608	0.614	0.685	0.695
  -0.800	  +0.000	 +90.000	+150.000	0.722	0.005	0.744	0.008	0.719	0.722	0.764	0.740
  +0.000	  +0.800	 +90.000	+150.000	0.733	0.005	0.771	0.007	0.729	0.729	0.785	0.772
  +0.800	  +1.442	 +90.000	+150.000	0.616	0.007	0.670	0.010	0.609	0.612	0.676	0.671
  +1.442	  +1.566	 +90.000	+150.000	0.514	0.025	0.552	0.035	0.501	0.517	0.533	0.561
  +1.566	  +2.000	 +90.000	+150.000	0.560	0.010	0.608	0.015	0.559	0.564	0.622	0.615
  +2.000	  +2.500	 +90.000	+150.000	0.483	0.013	0.518	0.019	0.479	0.487	0.528	0.520
  -2.500	  -2.000	+150.000	+500.000	0.427	0.028	0.487	0.042	0.411	0.415	0.487	0.496
  -2.000	  -1.566	+150.000	+500.000	0.531	0.021	0.559	0.027	0.519	0.522	0.549	0.556
  -1.566	  -1.442	+150.000	+500.000	0.440	0.038	0.465	0.058	0.435	0.434	0.531	0.463
  -1.442	  -0.800	+150.000	+500.000	0.575	0.012	0.640	0.018	0.574	0.567	0.671	0.651
  -0.800	  +0.000	+150.000	+500.000	0.723	0.009	0.773	0.012	0.721	0.720	0.783	0.778
  +0.000	  +0.800	+150.000	+500.000	0.725	0.010	0.763	0.013	0.724	0.721	0.771	0.764
  +0.800	  +1.442	+150.000	+500.000	0.583	0.012	0.611	0.018	0.575	0.579	0.607	0.619
  +1.442	  +1.566	+150.000	+500.000	0.469	0.043	0.605	0.062	0.462	0.484	0.594	0.596
  +1.566	  +2.000	+150.000	+500.000	0.521	0.020	0.549	0.029	0.524	0.520	0.615	0.561
  +2.000	  +2.500	+150.000	+500.000	0.392	0.027	0.463	0.039	0.392	0.408	0.429	0.466
