### var1 :  Probe_sc_eta 
### var2 :  Probe_pt 
  -2.500	  -2.000	 +10.000	 +15.000	0.060	0.008	0.060	0.007	0.061	0.061	0.061	0.060
  -2.000	  -1.566	 +10.000	 +15.000	0.085	0.010	0.123	0.009	0.088	0.104	0.119	0.124
  -1.566	  -1.442	 +10.000	 +15.000	0.048	0.011	0.135	0.020	0.051	0.103	0.116	0.139
  -1.442	  -0.800	 +10.000	 +15.000	0.181	0.013	0.189	0.010	0.176	0.189	0.191	0.191
  -0.800	  +0.000	 +10.000	 +15.000	0.216	0.011	0.236	0.009	0.217	0.219	0.235	0.238
  +0.000	  +0.800	 +10.000	 +15.000	0.218	0.010	0.238	0.008	0.136	0.227	0.250	0.235
  +0.800	  +1.442	 +10.000	 +15.000	0.157	0.011	0.176	0.009	0.163	0.166	0.190	0.177
  +1.442	  +1.566	 +10.000	 +15.000	0.032	0.009	0.071	0.014	0.033	0.073	0.096	0.067
  +1.566	  +2.000	 +10.000	 +15.000	0.073	0.008	0.091	0.008	0.072	0.071	0.094	0.086
  +2.000	  +2.500	 +10.000	 +15.000	0.083	0.009	0.077	0.007	0.083	0.189	0.080	0.079
  -2.500	  -2.000	 +15.000	 +20.000	0.160	0.009	0.190	0.008	0.168	0.172	0.205	0.186
  -2.000	  -1.566	 +15.000	 +20.000	0.231	0.011	0.300	0.010	0.233	0.237	0.323	0.300
  -1.566	  -1.442	 +15.000	 +20.000	0.233	0.022	0.214	0.016	0.231	0.240	0.231	0.195
  -1.442	  -0.800	 +15.000	 +20.000	0.326	0.009	0.388	0.008	0.324	0.336	0.392	0.388
  -0.800	  +0.000	 +15.000	 +20.000	0.378	0.008	0.442	0.007	0.376	0.375	0.440	0.443
  +0.000	  +0.800	 +15.000	 +20.000	0.451	0.009	0.439	0.007	0.436	0.452	0.447	0.434
  +0.800	  +1.442	 +15.000	 +20.000	0.330	0.009	0.369	0.008	0.329	0.331	0.374	0.367
  +1.442	  +1.566	 +15.000	 +20.000	0.121	0.012	0.205	0.017	0.188	0.178	0.230	0.212
  +1.566	  +2.000	 +15.000	 +20.000	0.185	0.010	0.267	0.009	0.193	0.193	0.262	0.270
  +2.000	  +2.500	 +15.000	 +20.000	0.200	0.009	0.204	0.008	0.199	0.199	0.229	0.196
  -2.500	  -2.000	 +20.000	 +35.000	0.338	0.003	0.383	0.003	0.332	0.354	0.388	0.380
  -2.000	  -1.566	 +20.000	 +35.000	0.378	0.003	0.480	0.002	0.373	0.389	0.483	0.480
  -1.566	  -1.442	 +20.000	 +35.000	0.316	0.005	0.348	0.004	0.317	0.363	0.360	0.361
  -1.442	  -0.800	 +20.000	 +35.000	0.474	0.002	0.550	0.002	0.465	0.467	0.558	0.552
  -0.800	  +0.000	 +20.000	 +35.000	0.520	0.002	0.594	0.001	0.517	0.530	0.597	0.596
  +0.000	  +0.800	 +20.000	 +35.000	0.529	0.001	0.599	0.001	0.523	0.534	0.606	0.599
  +0.800	  +1.442	 +20.000	 +35.000	0.471	0.002	0.544	0.002	0.462	0.476	0.547	0.547
  +1.442	  +1.566	 +20.000	 +35.000	0.312	0.004	0.344	0.004	0.312	0.364	0.360	0.357
  +1.566	  +2.000	 +20.000	 +35.000	0.344	0.003	0.452	0.002	0.343	0.346	0.457	0.454
  +2.000	  +2.500	 +20.000	 +35.000	0.350	0.003	0.396	0.003	0.342	0.361	0.401	0.391
  -2.500	  -2.000	 +35.000	 +50.000	0.427	0.001	0.503	0.002	0.426	0.425	0.504	0.500
  -2.000	  -1.566	 +35.000	 +50.000	0.472	0.002	0.589	0.001	0.472	0.468	0.588	0.584
  -1.566	  -1.442	 +35.000	 +50.000	0.441	0.004	0.513	0.003	0.441	0.438	0.509	0.511
  -1.442	  -0.800	 +35.000	 +50.000	0.551	0.001	0.651	0.001	0.550	0.546	0.651	0.647
  -0.800	  +0.000	 +35.000	 +50.000	0.606	0.001	0.694	0.001	0.606	0.602	0.694	0.689
  +0.000	  +0.800	 +35.000	 +50.000	0.611	0.001	0.699	0.001	0.612	0.608	0.698	0.694
  +0.800	  +1.442	 +35.000	 +50.000	0.551	0.001	0.648	0.001	0.551	0.547	0.647	0.645
  +1.442	  +1.566	 +35.000	 +50.000	0.442	0.004	0.505	0.003	0.440	0.438	0.511	0.503
  +1.566	  +2.000	 +35.000	 +50.000	0.454	0.002	0.577	0.001	0.454	0.451	0.576	0.570
  +2.000	  +2.500	 +35.000	 +50.000	0.431	0.002	0.513	0.002	0.429	0.428	0.514	0.510
  -2.500	  -2.000	 +50.000	 +90.000	0.448	0.005	0.550	0.004	0.448	0.436	0.545	0.549
  -2.000	  -1.566	 +50.000	 +90.000	0.511	0.004	0.627	0.004	0.512	0.503	0.632	0.627
  -1.566	  -1.442	 +50.000	 +90.000	0.458	0.009	0.518	0.008	0.458	0.444	0.527	0.526
  -1.442	  -0.800	 +50.000	 +90.000	0.563	0.003	0.679	0.003	0.566	0.559	0.677	0.679
  -0.800	  +0.000	 +50.000	 +90.000	0.638	0.003	0.728	0.002	0.638	0.629	0.730	0.727
  +0.000	  +0.800	 +50.000	 +90.000	0.643	0.003	0.733	0.002	0.643	0.634	0.738	0.733
  +0.800	  +1.442	 +50.000	 +90.000	0.553	0.003	0.680	0.003	0.557	0.551	0.679	0.680
  +1.442	  +1.566	 +50.000	 +90.000	0.455	0.010	0.518	0.008	0.451	0.430	0.519	0.523
  +1.566	  +2.000	 +50.000	 +90.000	0.495	0.004	0.623	0.004	0.495	0.486	0.626	0.629
  +2.000	  +2.500	 +50.000	 +90.000	0.447	0.005	0.554	0.004	0.447	0.434	0.555	0.560
  -2.500	  -2.000	 +90.000	+150.000	0.565	0.024	0.605	0.019	0.551	0.560	0.579	0.606
  -2.000	  -1.566	 +90.000	+150.000	0.541	0.015	0.646	0.015	0.540	0.540	0.660	0.646
  -1.566	  -1.442	 +90.000	+150.000	0.490	0.042	0.616	0.031	0.473	0.485	0.584	0.602
  -1.442	  -0.800	 +90.000	+150.000	0.592	0.012	0.723	0.009	0.592	0.594	0.715	0.724
  -0.800	  +0.000	 +90.000	+150.000	0.695	0.009	0.749	0.008	0.692	0.689	0.769	0.744
  +0.000	  +0.800	 +90.000	+150.000	0.713	0.010	0.776	0.007	0.706	0.711	0.790	0.777
  +0.800	  +1.442	 +90.000	+150.000	0.591	0.012	0.691	0.010	0.578	0.580	0.703	0.691
  +1.442	  +1.566	 +90.000	+150.000	0.416	0.042	0.574	0.035	0.423	0.420	0.576	0.587
  +1.566	  +2.000	 +90.000	+150.000	0.572	0.018	0.645	0.015	0.564	0.563	0.661	0.652
  +2.000	  +2.500	 +90.000	+150.000	0.534	0.025	0.571	0.019	0.534	0.538	0.605	0.567
  -2.500	  -2.000	+150.000	+500.000	0.507	0.055	0.591	0.041	0.494	0.481	0.586	0.608
  -2.000	  -1.566	+150.000	+500.000	0.596	0.036	0.597	0.027	0.578	0.588	0.624	0.592
  -1.566	  -1.442	+150.000	+500.000	0.348	0.064	0.504	0.058	0.350	0.375	0.599	0.504
  -1.442	  -0.800	+150.000	+500.000	0.588	0.022	0.682	0.017	0.588	0.584	0.700	0.694
  -0.800	  +0.000	+150.000	+500.000	0.701	0.017	0.781	0.012	0.685	0.694	0.794	0.783
  +0.000	  +0.800	+150.000	+500.000	0.733	0.017	0.771	0.012	0.725	0.724	0.782	0.771
  +0.800	  +1.442	+150.000	+500.000	0.575	0.023	0.653	0.018	0.569	0.575	0.657	0.662
  +1.442	  +1.566	+150.000	+500.000	0.488	0.064	0.641	0.061	0.484	0.484	0.627	0.636
  +1.566	  +2.000	+150.000	+500.000	0.523	0.037	0.592	0.029	0.519	0.512	0.658	0.605
  +2.000	  +2.500	+150.000	+500.000	0.440	0.055	0.591	0.038	0.414	0.426	0.518	0.591
