  -2.500   -2.000   10.000   15.000    0.195    0.010    0.206    0.011    0.000    0.007    0.018    0.000 
  -2.000   -1.566   10.000   15.000    0.280    0.013    0.313    0.013    0.003    0.012    0.004    0.004 
  -1.566   -1.442   10.000   15.000    0.275    0.024    0.315    0.027    0.005    0.072    0.051    0.003 
  -1.442   -0.800   10.000   15.000    0.410    0.014    0.356    0.012    0.005    0.014    0.011    0.005 
  -0.800    0.000   10.000   15.000    0.362    0.011    0.353    0.010    0.008    0.004    0.008    0.001 
   0.000    0.800   10.000   15.000    0.375    0.010    0.355    0.010    0.002    0.009    0.004    0.003 
   0.800    1.442   10.000   15.000    0.426    0.015    0.345    0.012    0.005    0.010    0.031    0.000 
   1.442    1.566   10.000   15.000    0.281    0.032    0.248    0.024    0.019    0.069    0.021    0.009 
   1.566    2.000   10.000   15.000    0.306    0.013    0.340    0.013    0.004    0.033    0.006    0.003 
   2.000    2.500   10.000   15.000    0.250    0.012    0.213    0.011    0.002    0.005    0.009    0.004 
  -2.500   -2.000   15.000   20.000    0.291    0.008    0.320    0.010    0.001    0.000    0.018    0.003 
  -2.000   -1.566   15.000   20.000    0.414    0.009    0.443    0.010    0.002    0.012    0.039    0.004 
  -1.566   -1.442   15.000   20.000    0.334    0.018    0.310    0.019    0.003    0.026    0.025    0.026 
  -1.442   -0.800   15.000   20.000    0.455    0.007    0.494    0.008    0.003    0.012    0.020    0.000 
  -0.800    0.000   15.000   20.000    0.472    0.006    0.510    0.007    0.004    0.004    0.003    0.002 
   0.000    0.800   15.000   20.000    0.505    0.007    0.506    0.007    0.005    0.001    0.011    0.006 
   0.800    1.442   15.000   20.000    0.459    0.006    0.487    0.008    0.002    0.005    0.002    0.002 
   1.442    1.566   15.000   20.000    0.350    0.020    0.329    0.019    0.001    0.014    0.005    0.007 
   1.566    2.000   15.000   20.000    0.386    0.009    0.447    0.010    0.030    0.039    0.007    0.006 
   2.000    2.500   15.000   20.000    0.309    0.008    0.330    0.010    0.001    0.001    0.029    0.011 
  -2.500   -2.000   20.000   35.000    0.442    0.002    0.533    0.003    0.006    0.019    0.004    0.004 
  -2.000   -1.566   20.000   35.000    0.557    0.002    0.629    0.002    0.009    0.023    0.005    0.002 
  -1.566   -1.442   20.000   35.000    0.426    0.003    0.437    0.005    0.000    0.037    0.015    0.017 
  -1.442   -0.800   20.000   35.000    0.598    0.001    0.645    0.002    0.010    0.013    0.008    0.001 
  -0.800    0.000   20.000   35.000    0.631    0.001    0.666    0.001    0.010    0.008    0.005    0.000 
   0.000    0.800   20.000   35.000    0.629    0.001    0.671    0.001    0.000    0.013    0.007    0.002 
   0.800    1.442   20.000   35.000    0.596    0.001    0.639    0.002    0.012    0.001    0.004    0.003 
   1.442    1.566   20.000   35.000    0.432    0.004    0.437    0.005    0.009    0.047    0.016    0.015 
   1.566    2.000   20.000   35.000    0.547    0.002    0.623    0.002    0.006    0.001    0.004    0.001 
   2.000    2.500   20.000   35.000    0.457    0.002    0.539    0.003    0.010    0.016    0.005    0.005 
  -2.500   -2.000   35.000   50.000    0.594    0.001    0.699    0.001    0.003    0.004    0.000    0.005 
  -2.000   -1.566   35.000   50.000    0.701    0.001    0.773    0.001    0.001    0.004    0.000    0.005 
  -1.566   -1.442   35.000   50.000    0.614    0.002    0.643    0.003    0.000    0.006    0.001    0.006 
  -1.442   -0.800   35.000   50.000    0.729    0.001    0.784    0.001    0.000    0.003    0.001    0.006 
  -0.800    0.000   35.000   50.000    0.757    0.001    0.801    0.001    0.001    0.004    0.000    0.008 
   0.000    0.800   35.000   50.000    0.762    0.001    0.805    0.001    0.000    0.003    0.001    0.007 
   0.800    1.442   35.000   50.000    0.729    0.001    0.777    0.001    0.001    0.004    0.001    0.006 
   1.442    1.566   35.000   50.000    0.602    0.003    0.636    0.003    0.002    0.003    0.002    0.009 
   1.566    2.000   35.000   50.000    0.705    0.001    0.774    0.001    0.001    0.003    0.001    0.008 
   2.000    2.500   35.000   50.000    0.599    0.001    0.701    0.001    0.003    0.004    0.000    0.006 
  -2.500   -2.000   50.000   90.000    0.655    0.003    0.774    0.003    0.002    0.015    0.006    0.002 
  -2.000   -1.566   50.000   90.000    0.750    0.003    0.822    0.003    0.001    0.014    0.005    0.000 
  -1.566   -1.442   50.000   90.000    0.629    0.006    0.636    0.008    0.003    0.026    0.022    0.013 
  -1.442   -0.800   50.000   90.000    0.769    0.001    0.834    0.002    0.000    0.007    0.001    0.000 
  -0.800    0.000   50.000   90.000    0.794    0.001    0.838    0.002    0.000    0.011    0.001    0.003 
   0.000    0.800   50.000   90.000    0.794    0.002    0.841    0.002    0.000    0.010    0.004    0.001 
   0.800    1.442   50.000   90.000    0.773    0.001    0.829    0.002    0.000    0.012    0.000    0.002 
   1.442    1.566   50.000   90.000    0.615    0.006    0.649    0.008    0.001    0.022    0.001    0.009 
   1.566    2.000   50.000   90.000    0.756    0.003    0.825    0.003    0.000    0.013    0.001    0.007 
   2.000    2.500   50.000   90.000    0.661    0.004    0.767    0.003    0.001    0.021    0.003    0.005 
  -2.500   -2.000   90.000  150.000    0.803    0.014    0.849    0.013    0.015    0.007    0.018    0.004 
  -2.000   -1.566   90.000  150.000    0.847    0.010    0.875    0.010    0.001    0.007    0.003    0.002 
  -1.566   -1.442   90.000  150.000    0.709    0.025    0.762    0.026    0.007    0.009    0.047    0.010 
  -1.442   -0.800   90.000  150.000    0.843    0.007    0.878    0.007    0.004    0.001    0.008    0.001 
  -0.800    0.000   90.000  150.000    0.844    0.005    0.859    0.006    0.005    0.003    0.009    0.003 
   0.000    0.800   90.000  150.000    0.847    0.005    0.871    0.006    0.005    0.003    0.011    0.002 
   0.800    1.442   90.000  150.000    0.846    0.007    0.864    0.007    0.013    0.007    0.011    0.002 
   1.442    1.566   90.000  150.000    0.726    0.026    0.686    0.033    0.006    0.001    0.012    0.025 
   1.566    2.000   90.000  150.000    0.844    0.010    0.875    0.011    0.009    0.007    0.006    0.003 
   2.000    2.500   90.000  150.000    0.818    0.016    0.838    0.015    0.005    0.001    0.017    0.007 
  -2.500   -2.000  150.000  500.000    0.833    0.031    0.848    0.031    0.006    0.004    0.009    0.007 
  -2.000   -1.566  150.000  500.000    0.913    0.016    0.901    0.016    0.033    0.007    0.003    0.001 
  -1.566   -1.442  150.000  500.000    0.721    0.044    0.654    0.055    0.004    0.007    0.109    0.004 
  -1.442   -0.800  150.000  500.000    0.860    0.012    0.869    0.013    0.001    0.002    0.024    0.004 
  -0.800    0.000  150.000  500.000    0.855    0.009    0.879    0.010    0.009    0.007    0.010    0.002 
   0.000    0.800  150.000  500.000    0.842    0.010    0.870    0.010    0.000    0.006    0.025    0.001 
   0.800    1.442  150.000  500.000    0.851    0.012    0.883    0.012    0.001    0.001    0.020    0.002 
   1.442    1.566  150.000  500.000    0.686    0.045    0.795    0.049    0.000    0.011    0.059    0.003 
   1.566    2.000  150.000  500.000    0.865    0.019    0.849    0.022    0.000    0.003    0.050    0.010 
   2.000    2.500  150.000  500.000    0.833    0.035    0.898    0.022    0.003    0.010    0.016    0.016 
