### var1 :  probe_Ele_eta 
### var2 :  probe_Ele_pt 
  -2.500	  -2.000	 +10.000	 +20.000	0.404	0.006	0.526	0.015	0.406	0.407	0.513	0.513
  -2.000	  -1.566	 +10.000	 +20.000	0.479	0.005	0.623	0.012	0.480	0.487	0.593	0.625
  -1.566	  -1.442	 +10.000	 +20.000	0.546	0.012	0.648	0.026	0.543	0.539	0.631	0.629
  -1.442	  -0.800	 +10.000	 +20.000	0.631	0.002	0.717	0.008	0.631	0.633	0.698	0.720
  -0.800	  +0.000	 +10.000	 +20.000	0.756	0.003	0.825	0.006	0.756	0.749	0.807	0.824
  +0.000	  +0.800	 +10.000	 +20.000	0.773	0.003	0.813	0.006	0.771	0.768	0.827	0.813
  +0.800	  +1.442	 +10.000	 +20.000	0.627	0.004	0.693	0.008	0.627	0.639	0.685	0.689
  +1.442	  +1.566	 +10.000	 +20.000	0.495	0.013	0.553	0.028	0.487	0.486	0.565	0.585
  +1.566	  +2.000	 +10.000	 +20.000	0.388	0.005	0.508	0.012	0.384	0.392	0.498	0.497
  +2.000	  +2.500	 +10.000	 +20.000	0.479	0.006	0.543	0.014	0.464	0.470	0.569	0.540
  -2.500	  -2.000	 +20.000	 +35.000	0.643	0.001	0.733	0.003	0.644	0.643	0.740	0.736
  -2.000	  -1.566	 +20.000	 +35.000	0.671	0.001	0.770	0.003	0.671	0.672	0.772	0.772
  -1.566	  -1.442	 +20.000	 +35.000	0.736	0.002	0.797	0.005	0.736	0.736	0.791	0.801
  -1.442	  -0.800	 +20.000	 +35.000	0.803	0.001	0.850	0.002	0.803	0.804	0.850	0.851
  -0.800	  +0.000	 +20.000	 +35.000	0.856	0.001	0.889	0.001	0.856	0.857	0.890	0.891
  +0.000	  +0.800	 +20.000	 +35.000	0.855	0.001	0.892	0.001	0.855	0.856	0.891	0.895
  +0.800	  +1.442	 +20.000	 +35.000	0.798	0.001	0.846	0.002	0.798	0.799	0.848	0.846
  +1.442	  +1.566	 +20.000	 +35.000	0.725	0.002	0.789	0.006	0.726	0.737	0.785	0.791
  +1.566	  +2.000	 +20.000	 +35.000	0.628	0.001	0.733	0.003	0.629	0.630	0.733	0.731
  +2.000	  +2.500	 +20.000	 +35.000	0.648	0.001	0.748	0.003	0.644	0.647	0.753	0.744
  -2.500	  -2.000	 +35.000	 +50.000	0.636	0.001	0.730	0.002	0.635	0.635	0.732	0.730
  -2.000	  -1.566	 +35.000	 +50.000	0.654	0.001	0.766	0.002	0.654	0.653	0.768	0.766
  -1.566	  -1.442	 +35.000	 +50.000	0.732	0.001	0.795	0.003	0.731	0.731	0.795	0.796
  -1.442	  -0.800	 +35.000	 +50.000	0.754	0.001	0.827	0.001	0.754	0.755	0.827	0.827
  -0.800	  +0.000	 +35.000	 +50.000	0.821	0.001	0.863	0.001	0.821	0.821	0.862	0.865
  +0.000	  +0.800	 +35.000	 +50.000	0.820	0.001	0.865	0.001	0.820	0.820	0.865	0.865
  +0.800	  +1.442	 +35.000	 +50.000	0.757	0.001	0.832	0.001	0.758	0.758	0.830	0.833
  +1.442	  +1.566	 +35.000	 +50.000	0.731	0.001	0.791	0.003	0.731	0.731	0.798	0.792
  +1.566	  +2.000	 +35.000	 +50.000	0.634	0.001	0.751	0.002	0.635	0.635	0.748	0.751
  +2.000	  +2.500	 +35.000	 +50.000	0.642	0.001	0.743	0.002	0.642	0.642	0.739	0.744
  -2.500	  -2.000	 +50.000	 +90.000	0.628	0.002	0.725	0.005	0.627	0.624	0.718	0.719
  -2.000	  -1.566	 +50.000	 +90.000	0.666	0.002	0.770	0.005	0.666	0.665	0.767	0.771
  -1.566	  -1.442	 +50.000	 +90.000	0.748	0.003	0.815	0.007	0.746	0.740	0.801	0.813
  -1.442	  -0.800	 +50.000	 +90.000	0.741	0.001	0.811	0.003	0.741	0.739	0.812	0.808
  -0.800	  +0.000	 +50.000	 +90.000	0.826	0.001	0.860	0.002	0.825	0.823	0.864	0.859
  +0.000	  +0.800	 +50.000	 +90.000	0.822	0.001	0.867	0.002	0.822	0.822	0.868	0.868
  +0.800	  +1.442	 +50.000	 +90.000	0.737	0.001	0.812	0.003	0.737	0.737	0.813	0.806
  +1.442	  +1.566	 +50.000	 +90.000	0.733	0.003	0.804	0.007	0.730	0.732	0.794	0.808
  +1.566	  +2.000	 +50.000	 +90.000	0.663	0.002	0.768	0.005	0.663	0.659	0.766	0.766
  +2.000	  +2.500	 +50.000	 +90.000	0.619	0.003	0.715	0.005	0.619	0.615	0.725	0.713
  -2.500	  -2.000	 +90.000	+150.000	0.639	0.009	0.699	0.021	0.640	0.640	0.695	0.711
  -2.000	  -1.566	 +90.000	+150.000	0.663	0.009	0.743	0.020	0.663	0.665	0.757	0.737
  -1.566	  -1.442	 +90.000	+150.000	0.756	0.013	0.804	0.030	0.753	0.753	0.749	0.824
  -1.442	  -0.800	 +90.000	+150.000	0.733	0.005	0.813	0.011	0.732	0.732	0.790	0.811
  -0.800	  +0.000	 +90.000	+150.000	0.835	0.004	0.884	0.008	0.833	0.839	0.861	0.879
  +0.000	  +0.800	 +90.000	+150.000	0.850	0.003	0.877	0.008	0.849	0.849	0.888	0.878
  +0.800	  +1.442	 +90.000	+150.000	0.724	0.005	0.804	0.012	0.724	0.726	0.794	0.806
  +1.442	  +1.566	 +90.000	+150.000	0.727	0.015	0.854	0.028	0.728	0.731	0.784	0.835
  +1.566	  +2.000	 +90.000	+150.000	0.664	0.008	0.729	0.022	0.661	0.664	0.770	0.719
  +2.000	  +2.500	 +90.000	+150.000	0.645	0.010	0.700	0.022	0.642	0.641	0.690	0.698
  -2.500	  -2.000	+150.000	+500.000	0.604	0.024	0.701	0.049	0.602	0.597	0.608	0.735
  -2.000	  -1.566	+150.000	+500.000	0.632	0.017	0.716	0.039	0.639	0.638	0.675	0.709
  -1.566	  -1.442	+150.000	+500.000	0.672	0.025	0.795	0.051	0.672	0.678	0.754	0.804
  -1.442	  -0.800	+150.000	+500.000	0.711	0.010	0.757	0.022	0.711	0.709	0.773	0.752
  -0.800	  +0.000	+150.000	+500.000	0.843	0.006	0.888	0.013	0.844	0.843	0.890	0.882
  +0.000	  +0.800	+150.000	+500.000	0.841	0.006	0.866	0.014	0.842	0.843	0.854	0.866
  +0.800	  +1.442	+150.000	+500.000	0.702	0.010	0.753	0.022	0.702	0.702	0.748	0.756
  +1.442	  +1.566	+150.000	+500.000	0.692	0.027	0.735	0.067	0.686	0.690	0.765	0.749
  +1.566	  +2.000	+150.000	+500.000	0.622	0.018	0.683	0.041	0.624	0.630	0.727	0.690
  +2.000	  +2.500	+150.000	+500.000	0.579	0.027	0.616	0.049	0.558	0.561	0.561	0.631
