### var1 :  Probe_sc_eta 
### var2 :  Probe_pt 
  -2.500	  -2.000	 +10.000	 +15.000	0.264	0.018	0.193	0.011	0.270	0.277	0.214	0.192
  -2.000	  -1.566	 +10.000	 +15.000	0.321	0.020	0.315	0.013	0.319	0.332	0.303	0.313
  -1.566	  -1.442	 +10.000	 +15.000	0.311	0.055	0.315	0.028	0.333	0.317	0.264	0.308
  -1.442	  -0.800	 +10.000	 +15.000	0.423	0.021	0.338	0.012	0.419	0.472	0.354	0.339
  -0.800	  +0.000	 +10.000	 +15.000	0.388	0.011	0.349	0.010	0.384	0.397	0.348	0.352
  +0.000	  +0.800	 +10.000	 +15.000	0.364	0.014	0.362	0.010	0.366	0.378	0.349	0.360
  +0.800	  +1.442	 +10.000	 +15.000	0.376	0.018	0.349	0.012	0.373	0.373	0.366	0.350
  +1.442	  +1.566	 +10.000	 +15.000	0.286	0.046	0.242	0.023	0.278	0.269	0.247	0.247
  +1.566	  +2.000	 +10.000	 +15.000	0.331	0.019	0.326	0.013	0.326	0.327	0.336	0.323
  +2.000	  +2.500	 +10.000	 +15.000	0.270	0.017	0.203	0.011	0.276	0.275	0.211	0.203
  -2.500	  -2.000	 +15.000	 +20.000	0.333	0.012	0.316	0.010	0.334	0.334	0.316	0.319
  -2.000	  -1.566	 +15.000	 +20.000	0.397	0.013	0.435	0.010	0.396	0.400	0.473	0.425
  -1.566	  -1.442	 +15.000	 +20.000	0.339	0.026	0.322	0.019	0.335	0.340	0.300	0.304
  -1.442	  -0.800	 +15.000	 +20.000	0.445	0.010	0.486	0.008	0.437	0.450	0.496	0.486
  -0.800	  +0.000	 +15.000	 +20.000	0.467	0.009	0.510	0.007	0.465	0.464	0.506	0.511
  +0.000	  +0.800	 +15.000	 +20.000	0.512	0.009	0.511	0.007	0.508	0.524	0.507	0.504
  +0.800	  +1.442	 +15.000	 +20.000	0.449	0.010	0.471	0.008	0.447	0.444	0.482	0.471
  +1.442	  +1.566	 +15.000	 +20.000	0.310	0.026	0.291	0.018	0.317	0.281	0.312	0.289
  +1.566	  +2.000	 +15.000	 +20.000	0.419	0.013	0.447	0.010	0.418	0.414	0.457	0.449
  +2.000	  +2.500	 +15.000	 +20.000	0.329	0.012	0.313	0.010	0.329	0.335	0.338	0.313
  -2.500	  -2.000	 +20.000	 +35.000	0.470	0.003	0.495	0.003	0.464	0.490	0.499	0.491
  -2.000	  -1.566	 +20.000	 +35.000	0.542	0.003	0.609	0.002	0.532	0.540	0.616	0.610
  -1.566	  -1.442	 +20.000	 +35.000	0.399	0.005	0.412	0.005	0.400	0.456	0.423	0.429
  -1.442	  -0.800	 +20.000	 +35.000	0.566	0.002	0.624	0.002	0.556	0.551	0.629	0.626
  -0.800	  +0.000	 +20.000	 +35.000	0.603	0.002	0.660	0.001	0.599	0.600	0.666	0.660
  +0.000	  +0.800	 +20.000	 +35.000	0.607	0.002	0.664	0.001	0.602	0.620	0.671	0.663
  +0.800	  +1.442	 +20.000	 +35.000	0.561	0.002	0.613	0.002	0.551	0.560	0.619	0.615
  +1.442	  +1.566	 +20.000	 +35.000	0.386	0.005	0.413	0.005	0.387	0.441	0.430	0.426
  +1.566	  +2.000	 +20.000	 +35.000	0.527	0.003	0.603	0.002	0.526	0.563	0.606	0.605
  +2.000	  +2.500	 +20.000	 +35.000	0.478	0.003	0.499	0.003	0.468	0.496	0.502	0.495
  -2.500	  -2.000	 +35.000	 +50.000	0.591	0.002	0.637	0.001	0.589	0.589	0.639	0.633
  -2.000	  -1.566	 +35.000	 +50.000	0.675	0.002	0.746	0.001	0.674	0.672	0.744	0.740
  -1.566	  -1.442	 +35.000	 +50.000	0.565	0.004	0.611	0.003	0.566	0.563	0.604	0.605
  -1.442	  -0.800	 +35.000	 +50.000	0.687	0.001	0.758	0.001	0.687	0.683	0.758	0.751
  -0.800	  +0.000	 +35.000	 +50.000	0.725	0.001	0.795	0.001	0.725	0.722	0.795	0.787
  +0.000	  +0.800	 +35.000	 +50.000	0.727	0.001	0.798	0.001	0.727	0.724	0.798	0.791
  +0.800	  +1.442	 +35.000	 +50.000	0.680	0.001	0.747	0.001	0.680	0.676	0.748	0.741
  +1.442	  +1.566	 +35.000	 +50.000	0.557	0.004	0.602	0.003	0.554	0.551	0.602	0.598
  +1.566	  +2.000	 +35.000	 +50.000	0.673	0.002	0.745	0.001	0.672	0.670	0.746	0.738
  +2.000	  +2.500	 +35.000	 +50.000	0.590	0.002	0.639	0.001	0.587	0.586	0.637	0.634
  -2.500	  -2.000	 +50.000	 +90.000	0.633	0.005	0.694	0.004	0.632	0.614	0.691	0.691
  -2.000	  -1.566	 +50.000	 +90.000	0.719	0.003	0.788	0.003	0.719	0.705	0.791	0.784
  -1.566	  -1.442	 +50.000	 +90.000	0.582	0.009	0.604	0.008	0.582	0.570	0.618	0.609
  -1.442	  -0.800	 +50.000	 +90.000	0.729	0.003	0.803	0.002	0.729	0.717	0.802	0.802
  -0.800	  +0.000	 +50.000	 +90.000	0.761	0.002	0.831	0.002	0.761	0.748	0.833	0.830
  +0.000	  +0.800	 +50.000	 +90.000	0.758	0.002	0.835	0.002	0.758	0.747	0.837	0.835
  +0.800	  +1.442	 +50.000	 +90.000	0.713	0.002	0.794	0.002	0.713	0.700	0.797	0.790
  +1.442	  +1.566	 +50.000	 +90.000	0.574	0.010	0.610	0.008	0.570	0.558	0.614	0.614
  +1.566	  +2.000	 +50.000	 +90.000	0.723	0.004	0.787	0.003	0.723	0.710	0.791	0.789
  +2.000	  +2.500	 +50.000	 +90.000	0.625	0.005	0.686	0.004	0.625	0.606	0.689	0.684
  -2.500	  -2.000	 +90.000	+150.000	0.692	0.022	0.720	0.017	0.681	0.691	0.733	0.716
  -2.000	  -1.566	 +90.000	+150.000	0.772	0.015	0.794	0.013	0.759	0.765	0.806	0.791
  -1.566	  -1.442	 +90.000	+150.000	0.659	0.042	0.699	0.030	0.640	0.665	0.662	0.693
  -1.442	  -0.800	 +90.000	+150.000	0.780	0.010	0.840	0.008	0.774	0.779	0.839	0.842
  -0.800	  +0.000	 +90.000	+150.000	0.812	0.009	0.852	0.006	0.810	0.812	0.858	0.851
  +0.000	  +0.800	 +90.000	+150.000	0.805	0.008	0.858	0.006	0.801	0.806	0.864	0.855
  +0.800	  +1.442	 +90.000	+150.000	0.758	0.011	0.839	0.008	0.746	0.752	0.827	0.841
  +1.442	  +1.566	 +90.000	+150.000	0.569	0.042	0.637	0.034	0.569	0.572	0.650	0.665
  +1.566	  +2.000	 +90.000	+150.000	0.760	0.016	0.815	0.012	0.757	0.759	0.794	0.812
  +2.000	  +2.500	 +90.000	+150.000	0.678	0.024	0.729	0.017	0.680	0.686	0.720	0.724
  -2.500	  -2.000	+150.000	+500.000	0.741	0.051	0.694	0.037	0.723	0.723	0.690	0.685
  -2.000	  -1.566	+150.000	+500.000	0.764	0.032	0.805	0.022	0.750	0.767	0.806	0.803
  -1.566	  -1.442	+150.000	+500.000	0.552	0.064	0.633	0.054	0.551	0.543	0.663	0.633
  -1.442	  -0.800	+150.000	+500.000	0.775	0.020	0.805	0.015	0.772	0.774	0.857	0.815
  -0.800	  +0.000	+150.000	+500.000	0.827	0.015	0.859	0.010	0.811	0.815	0.878	0.862
  +0.000	  +0.800	+150.000	+500.000	0.825	0.015	0.859	0.010	0.817	0.817	0.874	0.860
  +0.800	  +1.442	+150.000	+500.000	0.713	0.022	0.823	0.014	0.713	0.721	0.801	0.818
  +1.442	  +1.566	+150.000	+500.000	0.482	0.064	0.680	0.058	0.494	0.476	0.691	0.664
  +1.566	  +2.000	+150.000	+500.000	0.840	0.031	0.764	0.024	0.814	0.827	0.850	0.768
  +2.000	  +2.500	+150.000	+500.000	0.617	0.048	0.646	0.037	0.645	0.662	0.707	0.663
