### var1 :  Probe_sc_eta 
### var2 :  Probe_pt 
  -2.500	  -2.000	 +10.000	 +15.000	0.234	0.008	0.198	0.011	0.155	0.263	0.222	0.196
  -2.000	  -1.566	 +10.000	 +15.000	0.318	0.011	0.318	0.013	0.314	0.340	0.308	0.314
  -1.566	  -1.442	 +10.000	 +15.000	0.141	0.010	0.320	0.028	0.141	0.285	0.281	0.314
  -1.442	  -0.800	 +10.000	 +15.000	0.430	0.011	0.345	0.012	0.425	0.450	0.361	0.344
  -0.800	  +0.000	 +10.000	 +15.000	0.408	0.009	0.352	0.010	0.400	0.412	0.351	0.355
  +0.000	  +0.800	 +10.000	 +15.000	0.393	0.009	0.365	0.010	0.385	0.408	0.351	0.364
  +0.800	  +1.442	 +10.000	 +15.000	0.439	0.011	0.357	0.012	0.435	0.442	0.377	0.358
  +1.442	  +1.566	 +10.000	 +15.000	0.297	0.025	0.247	0.024	0.297	0.270	0.252	0.247
  +1.566	  +2.000	 +10.000	 +15.000	0.321	0.010	0.330	0.013	0.317	0.258	0.341	0.328
  +2.000	  +2.500	 +10.000	 +15.000	0.284	0.009	0.207	0.011	0.284	0.282	0.220	0.207
  -2.500	  -2.000	 +15.000	 +20.000	0.362	0.007	0.330	0.010	0.361	0.362	0.336	0.332
  -2.000	  -1.566	 +15.000	 +20.000	0.416	0.007	0.445	0.011	0.414	0.427	0.481	0.436
  -1.566	  -1.442	 +15.000	 +20.000	0.318	0.015	0.336	0.019	0.315	0.315	0.321	0.318
  -1.442	  -0.800	 +15.000	 +20.000	0.492	0.006	0.497	0.008	0.488	0.502	0.510	0.498
  -0.800	  +0.000	 +15.000	 +20.000	0.515	0.005	0.514	0.007	0.510	0.518	0.509	0.514
  +0.000	  +0.800	 +15.000	 +20.000	0.515	0.005	0.513	0.007	0.510	0.519	0.512	0.506
  +0.800	  +1.442	 +15.000	 +20.000	0.489	0.006	0.485	0.008	0.485	0.481	0.498	0.486
  +1.442	  +1.566	 +15.000	 +20.000	0.220	0.009	0.307	0.019	0.310	0.291	0.325	0.305
  +1.566	  +2.000	 +15.000	 +20.000	0.437	0.008	0.455	0.010	0.435	0.436	0.466	0.458
  +2.000	  +2.500	 +15.000	 +20.000	0.358	0.007	0.334	0.010	0.357	0.361	0.359	0.332
  -2.500	  -2.000	 +20.000	 +35.000	0.521	0.002	0.535	0.003	0.513	0.543	0.538	0.531
  -2.000	  -1.566	 +20.000	 +35.000	0.588	0.002	0.629	0.002	0.578	0.589	0.636	0.629
  -1.566	  -1.442	 +20.000	 +35.000	0.443	0.003	0.437	0.005	0.443	0.515	0.450	0.454
  -1.442	  -0.800	 +20.000	 +35.000	0.626	0.001	0.646	0.002	0.612	0.613	0.651	0.648
  -0.800	  +0.000	 +20.000	 +35.000	0.647	0.001	0.665	0.001	0.638	0.643	0.671	0.664
  +0.000	  +0.800	 +20.000	 +35.000	0.653	0.001	0.670	0.001	0.646	0.665	0.676	0.669
  +0.800	  +1.442	 +20.000	 +35.000	0.625	0.001	0.637	0.002	0.611	0.624	0.642	0.639
  +1.442	  +1.566	 +20.000	 +35.000	0.423	0.003	0.439	0.005	0.428	0.488	0.456	0.451
  +1.566	  +2.000	 +20.000	 +35.000	0.570	0.001	0.622	0.002	0.569	0.590	0.627	0.624
  +2.000	  +2.500	 +20.000	 +35.000	0.527	0.002	0.539	0.003	0.513	0.545	0.543	0.535
  -2.500	  -2.000	 +35.000	 +50.000	0.668	0.001	0.698	0.001	0.667	0.665	0.700	0.692
  -2.000	  -1.566	 +35.000	 +50.000	0.738	0.001	0.775	0.001	0.737	0.734	0.773	0.769
  -1.566	  -1.442	 +35.000	 +50.000	0.639	0.002	0.646	0.003	0.637	0.633	0.640	0.640
  -1.442	  -0.800	 +35.000	 +50.000	0.762	0.001	0.784	0.001	0.760	0.758	0.784	0.778
  -0.800	  +0.000	 +35.000	 +50.000	0.778	0.001	0.801	0.001	0.777	0.775	0.801	0.793
  +0.000	  +0.800	 +35.000	 +50.000	0.784	0.001	0.804	0.001	0.784	0.781	0.804	0.798
  +0.800	  +1.442	 +35.000	 +50.000	0.755	0.001	0.776	0.001	0.754	0.751	0.777	0.770
  +1.442	  +1.566	 +35.000	 +50.000	0.625	0.002	0.636	0.003	0.624	0.621	0.638	0.629
  +1.566	  +2.000	 +35.000	 +50.000	0.734	0.001	0.773	0.001	0.733	0.732	0.774	0.766
  +2.000	  +2.500	 +35.000	 +50.000	0.674	0.001	0.701	0.001	0.671	0.670	0.702	0.695
  -2.500	  -2.000	 +50.000	 +90.000	0.731	0.002	0.775	0.003	0.730	0.712	0.770	0.776
  -2.000	  -1.566	 +50.000	 +90.000	0.790	0.002	0.822	0.003	0.790	0.777	0.827	0.822
  -1.566	  -1.442	 +50.000	 +90.000	0.654	0.005	0.638	0.008	0.650	0.627	0.652	0.643
  -1.442	  -0.800	 +50.000	 +90.000	0.807	0.001	0.832	0.002	0.806	0.797	0.833	0.832
  -0.800	  +0.000	 +50.000	 +90.000	0.815	0.001	0.838	0.002	0.815	0.803	0.839	0.836
  +0.000	  +0.800	 +50.000	 +90.000	0.821	0.001	0.842	0.002	0.821	0.809	0.845	0.841
  +0.800	  +1.442	 +50.000	 +90.000	0.804	0.001	0.826	0.002	0.804	0.792	0.829	0.821
  +1.442	  +1.566	 +50.000	 +90.000	0.636	0.005	0.645	0.008	0.629	0.610	0.648	0.652
  +1.566	  +2.000	 +50.000	 +90.000	0.792	0.002	0.824	0.003	0.791	0.780	0.827	0.828
  +2.000	  +2.500	 +50.000	 +90.000	0.741	0.003	0.765	0.003	0.738	0.718	0.770	0.767
  -2.500	  -2.000	 +90.000	+150.000	0.844	0.010	0.841	0.014	0.835	0.844	0.849	0.843
  -2.000	  -1.566	 +90.000	+150.000	0.874	0.007	0.871	0.011	0.873	0.872	0.875	0.868
  -1.566	  -1.442	 +90.000	+150.000	0.738	0.020	0.730	0.029	0.737	0.747	0.721	0.728
  -1.442	  -0.800	 +90.000	+150.000	0.865	0.005	0.875	0.007	0.858	0.865	0.874	0.878
  -0.800	  +0.000	 +90.000	+150.000	0.861	0.004	0.862	0.006	0.857	0.859	0.867	0.859
  +0.000	  +0.800	 +90.000	+150.000	0.863	0.004	0.869	0.006	0.858	0.860	0.873	0.866
  +0.800	  +1.442	 +90.000	+150.000	0.863	0.005	0.870	0.007	0.853	0.862	0.870	0.868
  +1.442	  +1.566	 +90.000	+150.000	0.744	0.024	0.674	0.034	0.714	0.721	0.725	0.698
  +1.566	  +2.000	 +90.000	+150.000	0.879	0.008	0.886	0.010	0.880	0.880	0.861	0.883
  +2.000	  +2.500	 +90.000	+150.000	0.846	0.011	0.861	0.013	0.844	0.843	0.847	0.853
  -2.500	  -2.000	+150.000	+500.000	0.851	0.022	0.863	0.027	0.840	0.848	0.851	0.850
  -2.000	  -1.566	+150.000	+500.000	0.893	0.014	0.909	0.015	0.881	0.885	0.922	0.909
  -1.566	  -1.442	+150.000	+500.000	0.718	0.034	0.712	0.051	0.701	0.708	0.743	0.701
  -1.442	  -0.800	+150.000	+500.000	0.867	0.009	0.863	0.013	0.861	0.864	0.902	0.872
  -0.800	  +0.000	+150.000	+500.000	0.864	0.007	0.879	0.010	0.861	0.858	0.891	0.878
  +0.000	  +0.800	+150.000	+500.000	0.872	0.008	0.872	0.010	0.870	0.871	0.893	0.873
  +0.800	  +1.442	+150.000	+500.000	0.886	0.009	0.882	0.012	0.876	0.882	0.867	0.879
  +1.442	  +1.566	+150.000	+500.000	0.701	0.037	0.724	0.056	0.688	0.709	0.743	0.711
  +1.566	  +2.000	+150.000	+500.000	0.884	0.014	0.866	0.020	0.880	0.883	0.906	0.877
  +2.000	  +2.500	+150.000	+500.000	0.876	0.022	0.860	0.027	0.871	0.888	0.904	0.873
