### var1 :  probe_Ele_eta 
### var2 :  probe_Ele_pt 
  -2.500	  -2.000	 +10.000	 +20.000	0.388	0.007	0.493	0.019	0.388	0.394	0.484	0.500
  -2.000	  -1.566	 +10.000	 +20.000	0.485	0.007	0.614	0.015	0.481	0.491	0.588	0.622
  -1.566	  -1.442	 +10.000	 +20.000	0.521	0.018	0.650	0.035	0.535	0.553	0.581	0.650
  -1.442	  -0.800	 +10.000	 +20.000	0.622	0.005	0.718	0.011	0.623	0.629	0.701	0.716
  -0.800	  +0.000	 +10.000	 +20.000	0.760	0.004	0.839	0.008	0.760	0.756	0.820	0.839
  +0.000	  +0.800	 +10.000	 +20.000	0.776	0.004	0.814	0.009	0.775	0.775	0.827	0.812
  +0.800	  +1.442	 +10.000	 +20.000	0.622	0.005	0.682	0.012	0.621	0.627	0.687	0.684
  +1.442	  +1.566	 +10.000	 +20.000	0.499	0.016	0.582	0.036	0.505	0.495	0.582	0.568
  +1.566	  +2.000	 +10.000	 +20.000	0.384	0.007	0.499	0.016	0.382	0.390	0.471	0.500
  +2.000	  +2.500	 +10.000	 +20.000	0.458	0.008	0.530	0.019	0.457	0.457	0.564	0.537
  -2.500	  -2.000	 +20.000	 +35.000	0.640	0.002	0.725	0.006	0.640	0.642	0.738	0.729
  -2.000	  -1.566	 +20.000	 +35.000	0.674	0.002	0.774	0.005	0.674	0.676	0.772	0.776
  -1.566	  -1.442	 +20.000	 +35.000	0.745	0.004	0.807	0.010	0.750	0.749	0.790	0.809
  -1.442	  -0.800	 +20.000	 +35.000	0.812	0.001	0.854	0.003	0.810	0.811	0.857	0.854
  -0.800	  +0.000	 +20.000	 +35.000	0.863	0.001	0.894	0.002	0.863	0.862	0.895	0.894
  +0.000	  +0.800	 +20.000	 +35.000	0.864	0.001	0.897	0.002	0.865	0.861	0.896	0.897
  +0.800	  +1.442	 +20.000	 +35.000	0.804	0.001	0.852	0.003	0.803	0.803	0.853	0.852
  +1.442	  +1.566	 +20.000	 +35.000	0.729	0.004	0.800	0.011	0.734	0.728	0.794	0.798
  +1.566	  +2.000	 +20.000	 +35.000	0.629	0.002	0.745	0.005	0.631	0.629	0.737	0.746
  +2.000	  +2.500	 +20.000	 +35.000	0.647	0.002	0.750	0.006	0.643	0.648	0.753	0.750
  -2.500	  -2.000	 +35.000	 +50.000	0.622	0.002	0.712	0.006	0.622	0.622	0.715	0.710
  -2.000	  -1.566	 +35.000	 +50.000	0.609	0.003	0.702	0.008	0.608	0.607	0.692	0.693
  -1.566	  -1.442	 +35.000	 +50.000	0.724	0.004	0.773	0.010	0.723	0.720	0.779	0.773
  -1.442	  -0.800	 +35.000	 +50.000	0.744	0.002	0.823	0.004	0.742	0.740	0.822	0.819
  -0.800	  +0.000	 +35.000	 +50.000	0.819	0.001	0.860	0.003	0.817	0.815	0.863	0.858
  +0.000	  +0.800	 +35.000	 +50.000	0.816	0.001	0.872	0.003	0.815	0.814	0.865	0.871
  +0.800	  +1.442	 +35.000	 +50.000	0.749	0.002	0.830	0.004	0.747	0.744	0.825	0.826
  +1.442	  +1.566	 +35.000	 +50.000	0.733	0.004	0.788	0.010	0.730	0.732	0.786	0.787
  +1.566	  +2.000	 +35.000	 +50.000	0.587	0.003	0.693	0.008	0.587	0.589	0.695	0.687
  +2.000	  +2.500	 +35.000	 +50.000	0.630	0.003	0.725	0.006	0.629	0.627	0.728	0.730
  -2.500	  -2.000	 +50.000	 +90.000	0.628	0.004	0.715	0.008	0.627	0.632	0.715	0.712
  -2.000	  -1.566	 +50.000	 +90.000	0.663	0.002	0.774	0.006	0.663	0.661	0.769	0.772
  -1.566	  -1.442	 +50.000	 +90.000	0.748	0.006	0.818	0.012	0.747	0.748	0.798	0.825
  -1.442	  -0.800	 +50.000	 +90.000	0.757	0.002	0.806	0.004	0.757	0.756	0.815	0.807
  -0.800	  +0.000	 +50.000	 +90.000	0.838	0.001	0.861	0.003	0.838	0.835	0.867	0.862
  +0.000	  +0.800	 +50.000	 +90.000	0.836	0.001	0.872	0.003	0.836	0.835	0.869	0.873
  +0.800	  +1.442	 +50.000	 +90.000	0.754	0.002	0.813	0.004	0.752	0.754	0.807	0.812
  +1.442	  +1.566	 +50.000	 +90.000	0.741	0.006	0.821	0.012	0.739	0.742	0.795	0.813
  +1.566	  +2.000	 +50.000	 +90.000	0.670	0.003	0.748	0.007	0.670	0.671	0.764	0.742
  +2.000	  +2.500	 +50.000	 +90.000	0.639	0.004	0.700	0.008	0.638	0.641	0.721	0.699
  -2.500	  -2.000	 +90.000	+150.000	0.638	0.010	0.702	0.022	0.638	0.639	0.711	0.701
  -2.000	  -1.566	 +90.000	+150.000	0.681	0.007	0.702	0.018	0.681	0.681	0.754	0.695
  -1.566	  -1.442	 +90.000	+150.000	0.749	0.012	0.820	0.030	0.752	0.749	0.755	0.818
  -1.442	  -0.800	 +90.000	+150.000	0.735	0.004	0.815	0.010	0.736	0.735	0.790	0.818
  -0.800	  +0.000	 +90.000	+150.000	0.846	0.003	0.879	0.006	0.846	0.847	0.866	0.882
  +0.000	  +0.800	 +90.000	+150.000	0.851	0.003	0.869	0.007	0.852	0.852	0.889	0.871
  +0.800	  +1.442	 +90.000	+150.000	0.744	0.004	0.796	0.010	0.744	0.743	0.787	0.798
  +1.442	  +1.566	 +90.000	+150.000	0.720	0.016	0.858	0.029	0.722	0.721	0.769	0.863
  +1.566	  +2.000	 +90.000	+150.000	0.683	0.007	0.740	0.018	0.685	0.684	0.772	0.731
  +2.000	  +2.500	 +90.000	+150.000	0.637	0.011	0.686	0.023	0.632	0.631	0.670	0.681
  -2.500	  -2.000	+150.000	+500.000	0.622	0.025	0.693	0.046	0.620	0.619	0.647	0.683
  -2.000	  -1.566	+150.000	+500.000	0.670	0.014	0.699	0.032	0.673	0.673	0.640	0.692
  -1.566	  -1.442	+150.000	+500.000	0.689	0.027	0.820	0.054	0.688	0.701	0.791	0.828
  -1.442	  -0.800	+150.000	+500.000	0.707	0.008	0.767	0.018	0.707	0.707	0.779	0.767
  -0.800	  +0.000	+150.000	+500.000	0.846	0.005	0.869	0.011	0.847	0.848	0.882	0.870
  +0.000	  +0.800	+150.000	+500.000	0.849	0.005	0.873	0.011	0.849	0.849	0.861	0.869
  +0.800	  +1.442	+150.000	+500.000	0.712	0.008	0.752	0.018	0.712	0.714	0.764	0.750
  +1.442	  +1.566	+150.000	+500.000	0.685	0.035	0.734	0.078	0.679	0.683	0.763	0.713
  +1.566	  +2.000	+150.000	+500.000	0.637	0.015	0.692	0.032	0.638	0.638	0.754	0.692
  +2.000	  +2.500	+150.000	+500.000	0.625	0.029	0.618	0.052	0.601	0.600	0.572	0.612
