### var1 :  Probe_sc_eta 
### var2 :  Probe_pt 
  -2.500	  -2.000	 +10.000	 +15.000	0.178	0.009	0.206	0.011	0.177	0.176	0.224	0.206
  -2.000	  -1.566	 +10.000	 +15.000	0.276	0.012	0.313	0.013	0.284	0.291	0.309	0.309
  -1.566	  -1.442	 +10.000	 +15.000	0.239	0.022	0.315	0.027	0.237	0.257	0.264	0.318
  -1.442	  -0.800	 +10.000	 +15.000	0.398	0.013	0.356	0.012	0.393	0.407	0.367	0.351
  -0.800	  +0.000	 +10.000	 +15.000	0.327	0.008	0.353	0.010	0.319	0.328	0.361	0.352
  +0.000	  +0.800	 +10.000	 +15.000	0.325	0.008	0.355	0.010	0.323	0.338	0.359	0.352
  +0.800	  +1.442	 +10.000	 +15.000	0.398	0.014	0.345	0.012	0.394	0.409	0.376	0.345
  +1.442	  +1.566	 +10.000	 +15.000	0.265	0.032	0.248	0.024	0.283	0.334	0.269	0.239
  +1.566	  +2.000	 +10.000	 +15.000	0.295	0.012	0.340	0.013	0.295	0.318	0.346	0.337
  +2.000	  +2.500	 +10.000	 +15.000	0.226	0.010	0.213	0.011	0.224	0.227	0.222	0.217
  -2.500	  -2.000	 +15.000	 +20.000	0.256	0.007	0.320	0.010	0.256	0.254	0.338	0.323
  -2.000	  -1.566	 +15.000	 +20.000	0.373	0.009	0.443	0.010	0.380	0.378	0.482	0.439
  -1.566	  -1.442	 +15.000	 +20.000	0.292	0.017	0.310	0.019	0.289	0.298	0.335	0.284
  -1.442	  -0.800	 +15.000	 +20.000	0.454	0.007	0.494	0.008	0.452	0.458	0.514	0.494
  -0.800	  +0.000	 +15.000	 +20.000	0.454	0.006	0.510	0.007	0.445	0.450	0.513	0.512
  +0.000	  +0.800	 +15.000	 +20.000	0.472	0.006	0.506	0.007	0.460	0.477	0.517	0.500
  +0.800	  +1.442	 +15.000	 +20.000	0.444	0.007	0.487	0.008	0.440	0.454	0.489	0.485
  +1.442	  +1.566	 +15.000	 +20.000	0.213	0.011	0.329	0.019	0.306	0.274	0.334	0.336
  +1.566	  +2.000	 +15.000	 +20.000	0.386	0.009	0.447	0.010	0.392	0.395	0.454	0.453
  +2.000	  +2.500	 +15.000	 +20.000	0.292	0.007	0.330	0.010	0.291	0.295	0.359	0.319
  -2.500	  -2.000	 +20.000	 +35.000	0.392	0.002	0.533	0.003	0.384	0.404	0.537	0.529
  -2.000	  -1.566	 +20.000	 +35.000	0.520	0.002	0.629	0.002	0.514	0.538	0.634	0.627
  -1.566	  -1.442	 +20.000	 +35.000	0.407	0.003	0.437	0.005	0.407	0.439	0.452	0.454
  -1.442	  -0.800	 +20.000	 +35.000	0.567	0.001	0.645	0.002	0.557	0.554	0.653	0.646
  -0.800	  +0.000	 +20.000	 +35.000	0.599	0.001	0.666	0.001	0.592	0.606	0.671	0.666
  +0.000	  +0.800	 +20.000	 +35.000	0.606	0.001	0.671	0.001	0.601	0.614	0.678	0.669
  +0.800	  +1.442	 +20.000	 +35.000	0.565	0.001	0.639	0.002	0.555	0.566	0.643	0.642
  +1.442	  +1.566	 +20.000	 +35.000	0.410	0.003	0.437	0.005	0.403	0.452	0.453	0.452
  +1.566	  +2.000	 +20.000	 +35.000	0.511	0.001	0.623	0.002	0.511	0.516	0.627	0.624
  +2.000	  +2.500	 +20.000	 +35.000	0.391	0.002	0.539	0.003	0.385	0.404	0.544	0.534
  -2.500	  -2.000	 +35.000	 +50.000	0.532	0.001	0.699	0.001	0.530	0.529	0.699	0.694
  -2.000	  -1.566	 +35.000	 +50.000	0.660	0.001	0.773	0.001	0.659	0.656	0.773	0.768
  -1.566	  -1.442	 +35.000	 +50.000	0.571	0.002	0.643	0.003	0.571	0.566	0.642	0.637
  -1.442	  -0.800	 +35.000	 +50.000	0.690	0.001	0.784	0.001	0.689	0.686	0.785	0.778
  -0.800	  +0.000	 +35.000	 +50.000	0.726	0.001	0.801	0.001	0.726	0.722	0.801	0.793
  +0.000	  +0.800	 +35.000	 +50.000	0.734	0.001	0.805	0.001	0.733	0.730	0.804	0.798
  +0.800	  +1.442	 +35.000	 +50.000	0.689	0.001	0.777	0.001	0.689	0.685	0.776	0.771
  +1.442	  +1.566	 +35.000	 +50.000	0.573	0.002	0.636	0.003	0.571	0.569	0.638	0.627
  +1.566	  +2.000	 +35.000	 +50.000	0.661	0.001	0.774	0.001	0.660	0.658	0.773	0.766
  +2.000	  +2.500	 +35.000	 +50.000	0.527	0.001	0.701	0.001	0.525	0.525	0.701	0.695
  -2.500	  -2.000	 +50.000	 +90.000	0.598	0.003	0.774	0.003	0.599	0.583	0.768	0.776
  -2.000	  -1.566	 +50.000	 +90.000	0.711	0.002	0.822	0.003	0.710	0.697	0.827	0.822
  -1.566	  -1.442	 +50.000	 +90.000	0.608	0.005	0.636	0.008	0.607	0.595	0.658	0.649
  -1.442	  -0.800	 +50.000	 +90.000	0.733	0.002	0.834	0.002	0.734	0.727	0.833	0.834
  -0.800	  +0.000	 +50.000	 +90.000	0.763	0.001	0.838	0.002	0.763	0.753	0.839	0.835
  +0.000	  +0.800	 +50.000	 +90.000	0.768	0.001	0.841	0.002	0.768	0.760	0.845	0.840
  +0.800	  +1.442	 +50.000	 +90.000	0.735	0.002	0.829	0.002	0.734	0.725	0.829	0.827
  +1.442	  +1.566	 +50.000	 +90.000	0.593	0.006	0.649	0.008	0.590	0.573	0.650	0.658
  +1.566	  +2.000	 +50.000	 +90.000	0.722	0.003	0.825	0.003	0.724	0.706	0.826	0.832
  +2.000	  +2.500	 +50.000	 +90.000	0.582	0.004	0.767	0.003	0.582	0.566	0.770	0.772
  -2.500	  -2.000	 +90.000	+150.000	0.781	0.014	0.849	0.013	0.762	0.772	0.831	0.853
  -2.000	  -1.566	 +90.000	+150.000	0.818	0.010	0.875	0.010	0.816	0.820	0.878	0.877
  -1.566	  -1.442	 +90.000	+150.000	0.684	0.022	0.762	0.026	0.684	0.697	0.715	0.752
  -1.442	  -0.800	 +90.000	+150.000	0.813	0.006	0.878	0.007	0.809	0.815	0.870	0.879
  -0.800	  +0.000	 +90.000	+150.000	0.823	0.005	0.859	0.006	0.818	0.820	0.868	0.856
  +0.000	  +0.800	 +90.000	+150.000	0.830	0.005	0.871	0.006	0.827	0.829	0.882	0.869
  +0.800	  +1.442	 +90.000	+150.000	0.818	0.006	0.864	0.007	0.811	0.818	0.875	0.862
  +1.442	  +1.566	 +90.000	+150.000	0.711	0.023	0.686	0.033	0.710	0.707	0.698	0.711
  +1.566	  +2.000	 +90.000	+150.000	0.848	0.010	0.875	0.011	0.837	0.847	0.869	0.872
  +2.000	  +2.500	 +90.000	+150.000	0.776	0.016	0.838	0.015	0.775	0.775	0.855	0.831
  -2.500	  -2.000	+150.000	+500.000	0.766	0.027	0.848	0.031	0.766	0.805	0.857	0.841
  -2.000	  -1.566	+150.000	+500.000	0.842	0.019	0.901	0.016	0.831	0.839	0.898	0.900
  -1.566	  -1.442	+150.000	+500.000	0.727	0.047	0.654	0.055	0.674	0.680	0.763	0.650
  -1.442	  -0.800	+150.000	+500.000	0.814	0.011	0.869	0.013	0.811	0.816	0.893	0.873
  -0.800	  +0.000	+150.000	+500.000	0.835	0.009	0.879	0.010	0.836	0.836	0.889	0.881
  +0.000	  +0.800	+150.000	+500.000	0.841	0.009	0.870	0.010	0.834	0.834	0.895	0.869
  +0.800	  +1.442	+150.000	+500.000	0.808	0.012	0.883	0.012	0.803	0.811	0.863	0.885
  +1.442	  +1.566	+150.000	+500.000	0.729	0.042	0.795	0.049	0.740	0.741	0.736	0.798
  +1.566	  +2.000	+150.000	+500.000	0.833	0.018	0.849	0.022	0.831	0.836	0.899	0.859
  +2.000	  +2.500	+150.000	+500.000	0.848	0.039	0.898	0.022	0.803	0.848	0.882	0.914
