### var1 :  probe_Ele_eta 
### var2 :  probe_Ele_pt 
  -2.500	  -2.000	 +10.000	 +20.000	0.429	0.005	0.499	0.010	0.429	0.433	0.479	0.499
  -2.000	  -1.566	 +10.000	 +20.000	0.481	0.004	0.536	0.008	0.480	0.475	0.537	0.533
  -1.566	  -1.442	 +10.000	 +20.000	0.499	0.008	0.563	0.017	0.501	0.492	0.556	0.562
  -1.442	  -0.800	 +10.000	 +20.000	0.613	0.003	0.640	0.005	0.613	0.610	0.641	0.640
  -0.800	  +0.000	 +10.000	 +20.000	0.716	0.002	0.764	0.005	0.716	0.720	0.759	0.763
  +0.000	  +0.800	 +10.000	 +20.000	0.751	0.002	0.796	0.004	0.751	0.752	0.783	0.795
  +0.800	  +1.442	 +10.000	 +20.000	0.598	0.003	0.631	0.005	0.597	0.602	0.635	0.631
  +1.442	  +1.566	 +10.000	 +20.000	0.440	0.010	0.482	0.017	0.441	0.439	0.499	0.474
  +1.566	  +2.000	 +10.000	 +20.000	0.371	0.004	0.443	0.008	0.371	0.373	0.441	0.444
  +2.000	  +2.500	 +10.000	 +20.000	0.499	0.004	0.560	0.009	0.501	0.499	0.574	0.554
  -2.500	  -2.000	 +20.000	 +35.000	0.662	0.001	0.715	0.002	0.659	0.660	0.715	0.714
  -2.000	  -1.566	 +20.000	 +35.000	0.650	0.001	0.717	0.002	0.649	0.648	0.723	0.716
  -1.566	  -1.442	 +20.000	 +35.000	0.709	0.002	0.754	0.003	0.711	0.731	0.753	0.751
  -1.442	  -0.800	 +20.000	 +35.000	0.788	0.001	0.817	0.001	0.788	0.788	0.818	0.817
  -0.800	  +0.000	 +20.000	 +35.000	0.824	0.001	0.849	0.001	0.825	0.826	0.851	0.850
  +0.000	  +0.800	 +20.000	 +35.000	0.817	0.001	0.840	0.001	0.817	0.817	0.842	0.841
  +0.800	  +1.442	 +20.000	 +35.000	0.780	0.001	0.810	0.001	0.781	0.782	0.810	0.809
  +1.442	  +1.566	 +20.000	 +35.000	0.701	0.002	0.739	0.004	0.703	0.706	0.742	0.737
  +1.566	  +2.000	 +20.000	 +35.000	0.599	0.001	0.675	0.002	0.600	0.602	0.678	0.675
  +2.000	  +2.500	 +20.000	 +35.000	0.669	0.001	0.731	0.002	0.669	0.671	0.734	0.731
  -2.500	  -2.000	 +35.000	 +50.000	0.625	0.001	0.688	0.001	0.624	0.623	0.690	0.687
  -2.000	  -1.566	 +35.000	 +50.000	0.584	0.001	0.672	0.001	0.584	0.583	0.671	0.667
  -1.566	  -1.442	 +35.000	 +50.000	0.696	0.001	0.737	0.002	0.697	0.697	0.736	0.737
  -1.442	  -0.800	 +35.000	 +50.000	0.730	0.001	0.782	0.001	0.730	0.729	0.782	0.781
  -0.800	  +0.000	 +35.000	 +50.000	0.793	0.001	0.826	0.001	0.792	0.792	0.826	0.826
  +0.000	  +0.800	 +35.000	 +50.000	0.783	0.001	0.819	0.001	0.783	0.783	0.818	0.819
  +0.800	  +1.442	 +35.000	 +50.000	0.730	0.001	0.781	0.001	0.729	0.728	0.781	0.780
  +1.442	  +1.566	 +35.000	 +50.000	0.696	0.001	0.737	0.002	0.695	0.695	0.741	0.738
  +1.566	  +2.000	 +35.000	 +50.000	0.567	0.001	0.659	0.001	0.566	0.565	0.656	0.654
  +2.000	  +2.500	 +35.000	 +50.000	0.631	0.001	0.700	0.001	0.630	0.629	0.698	0.699
  -2.500	  -2.000	 +50.000	 +90.000	0.621	0.002	0.686	0.003	0.619	0.615	0.694	0.687
  -2.000	  -1.566	 +50.000	 +90.000	0.632	0.001	0.703	0.002	0.632	0.632	0.700	0.701
  -1.566	  -1.442	 +50.000	 +90.000	0.702	0.002	0.751	0.004	0.702	0.706	0.741	0.752
  -1.442	  -0.800	 +50.000	 +90.000	0.743	0.001	0.773	0.001	0.743	0.742	0.773	0.773
  -0.800	  +0.000	 +50.000	 +90.000	0.815	0.001	0.841	0.001	0.815	0.815	0.839	0.841
  +0.000	  +0.800	 +50.000	 +90.000	0.809	0.001	0.833	0.001	0.810	0.809	0.833	0.834
  +0.800	  +1.442	 +50.000	 +90.000	0.737	0.001	0.768	0.001	0.737	0.735	0.770	0.769
  +1.442	  +1.566	 +50.000	 +90.000	0.694	0.003	0.743	0.004	0.692	0.690	0.748	0.742
  +1.566	  +2.000	 +50.000	 +90.000	0.629	0.001	0.698	0.002	0.629	0.629	0.706	0.696
  +2.000	  +2.500	 +50.000	 +90.000	0.616	0.002	0.698	0.003	0.610	0.605	0.694	0.699
  -2.500	  -2.000	 +90.000	+150.000	0.631	0.007	0.678	0.013	0.633	0.634	0.678	0.685
  -2.000	  -1.566	 +90.000	+150.000	0.638	0.005	0.701	0.010	0.638	0.636	0.706	0.701
  -1.566	  -1.442	 +90.000	+150.000	0.727	0.011	0.761	0.019	0.727	0.723	0.767	0.759
  -1.442	  -0.800	 +90.000	+150.000	0.727	0.003	0.764	0.006	0.729	0.728	0.760	0.765
  -0.800	  +0.000	 +90.000	+150.000	0.840	0.002	0.867	0.004	0.840	0.841	0.860	0.866
  +0.000	  +0.800	 +90.000	+150.000	0.841	0.002	0.858	0.004	0.841	0.841	0.856	0.857
  +0.800	  +1.442	 +90.000	+150.000	0.713	0.003	0.756	0.006	0.713	0.714	0.748	0.755
  +1.442	  +1.566	 +90.000	+150.000	0.693	0.012	0.730	0.021	0.683	0.686	0.691	0.722
  +1.566	  +2.000	 +90.000	+150.000	0.647	0.005	0.722	0.010	0.645	0.646	0.718	0.720
  +2.000	  +2.500	 +90.000	+150.000	0.615	0.007	0.681	0.013	0.613	0.615	0.702	0.671
  -2.500	  -2.000	+150.000	+500.000	0.585	0.017	0.631	0.029	0.587	0.579	0.526	0.627
  -2.000	  -1.566	+150.000	+500.000	0.624	0.011	0.658	0.019	0.623	0.625	0.668	0.655
  -1.566	  -1.442	+150.000	+500.000	0.685	0.021	0.765	0.035	0.686	0.681	0.672	0.754
  -1.442	  -0.800	+150.000	+500.000	0.708	0.006	0.738	0.011	0.708	0.710	0.722	0.742
  -0.800	  +0.000	+150.000	+500.000	0.851	0.004	0.863	0.007	0.851	0.846	0.874	0.863
  +0.000	  +0.800	+150.000	+500.000	0.841	0.004	0.864	0.007	0.841	0.842	0.857	0.867
  +0.800	  +1.442	+150.000	+500.000	0.699	0.006	0.721	0.011	0.699	0.696	0.716	0.722
  +1.442	  +1.566	+150.000	+500.000	0.584	0.025	0.710	0.041	0.583	0.576	0.718	0.700
  +1.566	  +2.000	+150.000	+500.000	0.618	0.011	0.655	0.020	0.614	0.618	0.699	0.659
  +2.000	  +2.500	+150.000	+500.000	0.570	0.016	0.678	0.027	0.568	0.574	0.668	0.682
