### var1 :  Probe_sc_eta 
### var2 :  Probe_pt 
  -2.500	  -2.000	 +10.000	 +15.000	0.221	0.009	0.193	0.011	0.234	0.251	0.214	0.192
  -2.000	  -1.566	 +10.000	 +15.000	0.312	0.010	0.315	0.013	0.309	0.334	0.303	0.313
  -1.566	  -1.442	 +10.000	 +15.000	0.137	0.010	0.315	0.028	0.137	0.277	0.264	0.308
  -1.442	  -0.800	 +10.000	 +15.000	0.419	0.011	0.338	0.012	0.415	0.476	0.354	0.339
  -0.800	  +0.000	 +10.000	 +15.000	0.405	0.009	0.349	0.010	0.396	0.409	0.348	0.352
  +0.000	  +0.800	 +10.000	 +15.000	0.385	0.008	0.362	0.010	0.382	0.404	0.349	0.360
  +0.800	  +1.442	 +10.000	 +15.000	0.427	0.011	0.349	0.012	0.422	0.433	0.366	0.350
  +1.442	  +1.566	 +10.000	 +15.000	0.286	0.024	0.242	0.023	0.285	0.260	0.247	0.247
  +1.566	  +2.000	 +10.000	 +15.000	0.316	0.010	0.326	0.013	0.312	0.250	0.336	0.323
  +2.000	  +2.500	 +10.000	 +15.000	0.268	0.009	0.203	0.011	0.268	0.267	0.211	0.203
  -2.500	  -2.000	 +15.000	 +20.000	0.339	0.007	0.316	0.010	0.338	0.339	0.316	0.319
  -2.000	  -1.566	 +15.000	 +20.000	0.405	0.007	0.435	0.010	0.404	0.417	0.473	0.425
  -1.566	  -1.442	 +15.000	 +20.000	0.304	0.014	0.322	0.019	0.302	0.302	0.300	0.304
  -1.442	  -0.800	 +15.000	 +20.000	0.477	0.006	0.486	0.008	0.472	0.482	0.496	0.486
  -0.800	  +0.000	 +15.000	 +20.000	0.511	0.005	0.510	0.007	0.506	0.514	0.506	0.511
  +0.000	  +0.800	 +15.000	 +20.000	0.501	0.005	0.511	0.007	0.499	0.514	0.507	0.504
  +0.800	  +1.442	 +15.000	 +20.000	0.473	0.006	0.471	0.008	0.471	0.465	0.482	0.471
  +1.442	  +1.566	 +15.000	 +20.000	0.292	0.013	0.291	0.018	0.292	0.282	0.312	0.289
  +1.566	  +2.000	 +15.000	 +20.000	0.423	0.008	0.447	0.010	0.424	0.425	0.457	0.449
  +2.000	  +2.500	 +15.000	 +20.000	0.333	0.006	0.313	0.010	0.332	0.336	0.338	0.313
  -2.500	  -2.000	 +20.000	 +35.000	0.475	0.002	0.495	0.003	0.466	0.493	0.499	0.491
  -2.000	  -1.566	 +20.000	 +35.000	0.565	0.002	0.609	0.002	0.555	0.566	0.616	0.610
  -1.566	  -1.442	 +20.000	 +35.000	0.414	0.003	0.412	0.005	0.412	0.477	0.423	0.429
  -1.442	  -0.800	 +20.000	 +35.000	0.600	0.001	0.624	0.002	0.587	0.587	0.629	0.626
  -0.800	  +0.000	 +20.000	 +35.000	0.640	0.001	0.660	0.001	0.632	0.637	0.666	0.660
  +0.000	  +0.800	 +20.000	 +35.000	0.645	0.001	0.664	0.001	0.639	0.657	0.671	0.663
  +0.800	  +1.442	 +20.000	 +35.000	0.594	0.001	0.613	0.002	0.580	0.594	0.619	0.615
  +1.442	  +1.566	 +20.000	 +35.000	0.388	0.003	0.413	0.005	0.392	0.446	0.430	0.426
  +1.566	  +2.000	 +20.000	 +35.000	0.548	0.002	0.603	0.002	0.544	0.588	0.606	0.605
  +2.000	  +2.500	 +20.000	 +35.000	0.476	0.002	0.499	0.003	0.463	0.491	0.502	0.495
  -2.500	  -2.000	 +35.000	 +50.000	0.599	0.001	0.637	0.001	0.597	0.596	0.639	0.633
  -2.000	  -1.566	 +35.000	 +50.000	0.702	0.001	0.746	0.001	0.701	0.698	0.744	0.740
  -1.566	  -1.442	 +35.000	 +50.000	0.596	0.002	0.611	0.003	0.595	0.590	0.604	0.605
  -1.442	  -0.800	 +35.000	 +50.000	0.729	0.001	0.758	0.001	0.728	0.725	0.758	0.751
  -0.800	  +0.000	 +35.000	 +50.000	0.770	0.001	0.795	0.001	0.769	0.767	0.795	0.787
  +0.000	  +0.800	 +35.000	 +50.000	0.775	0.001	0.798	0.001	0.774	0.772	0.798	0.791
  +0.800	  +1.442	 +35.000	 +50.000	0.718	0.001	0.747	0.001	0.718	0.714	0.748	0.741
  +1.442	  +1.566	 +35.000	 +50.000	0.580	0.002	0.602	0.003	0.579	0.576	0.602	0.598
  +1.566	  +2.000	 +35.000	 +50.000	0.699	0.001	0.745	0.001	0.698	0.696	0.746	0.738
  +2.000	  +2.500	 +35.000	 +50.000	0.602	0.001	0.639	0.001	0.599	0.598	0.637	0.634
  -2.500	  -2.000	 +50.000	 +90.000	0.638	0.003	0.694	0.004	0.638	0.623	0.691	0.691
  -2.000	  -1.566	 +50.000	 +90.000	0.743	0.002	0.788	0.003	0.743	0.729	0.791	0.784
  -1.566	  -1.442	 +50.000	 +90.000	0.614	0.005	0.604	0.008	0.607	0.586	0.618	0.609
  -1.442	  -0.800	 +50.000	 +90.000	0.770	0.002	0.803	0.002	0.770	0.759	0.802	0.802
  -0.800	  +0.000	 +50.000	 +90.000	0.806	0.001	0.831	0.002	0.806	0.793	0.833	0.830
  +0.000	  +0.800	 +50.000	 +90.000	0.811	0.001	0.835	0.002	0.811	0.800	0.837	0.835
  +0.800	  +1.442	 +50.000	 +90.000	0.765	0.002	0.794	0.002	0.765	0.750	0.797	0.790
  +1.442	  +1.566	 +50.000	 +90.000	0.593	0.005	0.610	0.008	0.585	0.566	0.614	0.614
  +1.566	  +2.000	 +50.000	 +90.000	0.749	0.002	0.787	0.003	0.749	0.736	0.791	0.789
  +2.000	  +2.500	 +50.000	 +90.000	0.648	0.003	0.686	0.004	0.645	0.625	0.689	0.684
  -2.500	  -2.000	 +90.000	+150.000	0.708	0.012	0.720	0.017	0.703	0.711	0.733	0.716
  -2.000	  -1.566	 +90.000	+150.000	0.789	0.008	0.794	0.013	0.789	0.789	0.806	0.791
  -1.566	  -1.442	 +90.000	+150.000	0.661	0.020	0.699	0.030	0.658	0.666	0.662	0.693
  -1.442	  -0.800	 +90.000	+150.000	0.817	0.006	0.840	0.008	0.807	0.813	0.839	0.842
  -0.800	  +0.000	 +90.000	+150.000	0.849	0.004	0.852	0.006	0.845	0.849	0.858	0.851
  +0.000	  +0.800	 +90.000	+150.000	0.852	0.004	0.858	0.006	0.847	0.850	0.864	0.855
  +0.800	  +1.442	 +90.000	+150.000	0.810	0.006	0.839	0.008	0.801	0.809	0.827	0.841
  +1.442	  +1.566	 +90.000	+150.000	0.663	0.025	0.637	0.034	0.646	0.647	0.650	0.665
  +1.566	  +2.000	 +90.000	+150.000	0.791	0.007	0.815	0.012	0.793	0.795	0.794	0.812
  +2.000	  +2.500	 +90.000	+150.000	0.710	0.013	0.729	0.017	0.704	0.702	0.720	0.724
  -2.500	  -2.000	+150.000	+500.000	0.633	0.028	0.694	0.037	0.612	0.614	0.690	0.685
  -2.000	  -1.566	+150.000	+500.000	0.764	0.018	0.805	0.022	0.752	0.752	0.806	0.803
  -1.566	  -1.442	+150.000	+500.000	0.608	0.038	0.633	0.054	0.601	0.605	0.663	0.633
  -1.442	  -0.800	+150.000	+500.000	0.800	0.010	0.805	0.015	0.798	0.800	0.857	0.815
  -0.800	  +0.000	+150.000	+500.000	0.840	0.008	0.859	0.010	0.839	0.836	0.878	0.862
  +0.000	  +0.800	+150.000	+500.000	0.843	0.008	0.859	0.010	0.842	0.843	0.874	0.860
  +0.800	  +1.442	+150.000	+500.000	0.810	0.011	0.823	0.014	0.798	0.804	0.801	0.818
  +1.442	  +1.566	+150.000	+500.000	0.606	0.043	0.680	0.058	0.599	0.614	0.691	0.664
  +1.566	  +2.000	+150.000	+500.000	0.760	0.017	0.764	0.024	0.761	0.765	0.850	0.768
  +2.000	  +2.500	+150.000	+500.000	0.685	0.026	0.646	0.037	0.685	0.709	0.707	0.663
