### var1 :  Probe_sc_eta 
### var2 :  Probe_pt 
  -2.500	  -2.000	 +10.000	 +15.000	0.037	0.005	0.054	0.006	0.037	0.036	0.058	0.054
  -2.000	  -1.566	 +10.000	 +15.000	0.077	0.007	0.122	0.009	0.081	0.078	0.119	0.123
  -1.566	  -1.442	 +10.000	 +15.000	0.103	0.014	0.142	0.021	0.101	0.111	0.133	0.141
  -1.442	  -0.800	 +10.000	 +15.000	0.170	0.009	0.183	0.009	0.173	0.190	0.190	0.184
  -0.800	  +0.000	 +10.000	 +15.000	0.201	0.008	0.237	0.009	0.198	0.206	0.228	0.242
  +0.000	  +0.800	 +10.000	 +15.000	0.225	0.007	0.240	0.009	0.196	0.225	0.247	0.237
  +0.800	  +1.442	 +10.000	 +15.000	0.181	0.009	0.182	0.009	0.182	0.184	0.186	0.184
  +1.442	  +1.566	 +10.000	 +15.000	0.045	0.011	0.068	0.013	0.043	0.048	0.085	0.063
  +1.566	  +2.000	 +10.000	 +15.000	0.064	0.006	0.089	0.008	0.063	0.069	0.094	0.087
  +2.000	  +2.500	 +10.000	 +15.000	0.066	0.006	0.073	0.007	0.066	0.069	0.078	0.075
  -2.500	  -2.000	 +15.000	 +20.000	0.135	0.006	0.191	0.008	0.133	0.135	0.202	0.187
  -2.000	  -1.566	 +15.000	 +20.000	0.220	0.007	0.301	0.010	0.224	0.228	0.326	0.295
  -1.566	  -1.442	 +15.000	 +20.000	0.200	0.015	0.237	0.017	0.198	0.202	0.215	0.221
  -1.442	  -0.800	 +15.000	 +20.000	0.333	0.007	0.386	0.008	0.328	0.338	0.391	0.384
  -0.800	  +0.000	 +15.000	 +20.000	0.379	0.006	0.445	0.007	0.377	0.377	0.437	0.445
  +0.000	  +0.800	 +15.000	 +20.000	0.417	0.006	0.446	0.007	0.412	0.417	0.445	0.442
  +0.800	  +1.442	 +15.000	 +20.000	0.314	0.006	0.368	0.008	0.312	0.310	0.379	0.367
  +1.442	  +1.566	 +15.000	 +20.000	0.177	0.015	0.196	0.016	0.178	0.168	0.221	0.195
  +1.566	  +2.000	 +15.000	 +20.000	0.184	0.007	0.266	0.009	0.185	0.196	0.275	0.266
  +2.000	  +2.500	 +15.000	 +20.000	0.137	0.005	0.203	0.008	0.158	0.162	0.228	0.196
  -2.500	  -2.000	 +20.000	 +35.000	0.271	0.002	0.385	0.003	0.268	0.283	0.389	0.383
  -2.000	  -1.566	 +20.000	 +35.000	0.368	0.002	0.481	0.003	0.362	0.374	0.485	0.482
  -1.566	  -1.442	 +20.000	 +35.000	0.312	0.003	0.349	0.004	0.311	0.348	0.356	0.362
  -1.442	  -0.800	 +20.000	 +35.000	0.481	0.001	0.551	0.002	0.473	0.473	0.556	0.552
  -0.800	  +0.000	 +20.000	 +35.000	0.543	0.001	0.591	0.001	0.536	0.544	0.598	0.592
  +0.000	  +0.800	 +20.000	 +35.000	0.548	0.001	0.598	0.001	0.541	0.559	0.604	0.598
  +0.800	  +1.442	 +20.000	 +35.000	0.480	0.001	0.543	0.002	0.470	0.482	0.548	0.544
  +1.442	  +1.566	 +20.000	 +35.000	0.307	0.003	0.347	0.004	0.305	0.346	0.361	0.358
  +1.566	  +2.000	 +20.000	 +35.000	0.336	0.001	0.455	0.002	0.334	0.351	0.456	0.457
  +2.000	  +2.500	 +20.000	 +35.000	0.287	0.002	0.396	0.003	0.279	0.294	0.402	0.392
  -2.500	  -2.000	 +35.000	 +50.000	0.369	0.001	0.502	0.002	0.367	0.365	0.503	0.499
  -2.000	  -1.566	 +35.000	 +50.000	0.464	0.001	0.590	0.001	0.462	0.459	0.587	0.585
  -1.566	  -1.442	 +35.000	 +50.000	0.454	0.002	0.515	0.003	0.453	0.448	0.508	0.513
  -1.442	  -0.800	 +35.000	 +50.000	0.573	0.001	0.651	0.001	0.573	0.569	0.651	0.646
  -0.800	  +0.000	 +35.000	 +50.000	0.638	0.001	0.694	0.001	0.638	0.633	0.693	0.689
  +0.000	  +0.800	 +35.000	 +50.000	0.641	0.001	0.699	0.001	0.640	0.636	0.699	0.695
  +0.800	  +1.442	 +35.000	 +50.000	0.573	0.001	0.647	0.001	0.572	0.569	0.648	0.644
  +1.442	  +1.566	 +35.000	 +50.000	0.442	0.003	0.508	0.003	0.441	0.439	0.509	0.507
  +1.566	  +2.000	 +35.000	 +50.000	0.456	0.001	0.577	0.001	0.455	0.453	0.576	0.570
  +2.000	  +2.500	 +35.000	 +50.000	0.380	0.001	0.514	0.002	0.377	0.376	0.513	0.510
  -2.500	  -2.000	 +50.000	 +90.000	0.400	0.003	0.550	0.004	0.396	0.389	0.544	0.545
  -2.000	  -1.566	 +50.000	 +90.000	0.506	0.003	0.625	0.004	0.505	0.496	0.632	0.624
  -1.566	  -1.442	 +50.000	 +90.000	0.457	0.005	0.514	0.008	0.457	0.445	0.524	0.515
  -1.442	  -0.800	 +50.000	 +90.000	0.591	0.002	0.679	0.003	0.591	0.586	0.680	0.679
  -0.800	  +0.000	 +50.000	 +90.000	0.673	0.002	0.728	0.002	0.673	0.663	0.730	0.728
  +0.000	  +0.800	 +50.000	 +90.000	0.668	0.002	0.735	0.002	0.668	0.662	0.736	0.735
  +0.800	  +1.442	 +50.000	 +90.000	0.595	0.002	0.674	0.003	0.594	0.584	0.680	0.671
  +1.442	  +1.566	 +50.000	 +90.000	0.443	0.007	0.521	0.008	0.444	0.432	0.516	0.527
  +1.566	  +2.000	 +50.000	 +90.000	0.508	0.003	0.624	0.004	0.508	0.499	0.626	0.629
  +2.000	  +2.500	 +50.000	 +90.000	0.411	0.004	0.551	0.004	0.408	0.388	0.556	0.557
  -2.500	  -2.000	 +90.000	+150.000	0.500	0.016	0.607	0.018	0.494	0.495	0.583	0.610
  -2.000	  -1.566	 +90.000	+150.000	0.573	0.012	0.651	0.015	0.572	0.582	0.662	0.645
  -1.566	  -1.442	 +90.000	+150.000	0.541	0.027	0.606	0.031	0.530	0.543	0.580	0.595
  -1.442	  -0.800	 +90.000	+150.000	0.641	0.008	0.721	0.009	0.637	0.641	0.719	0.727
  -0.800	  +0.000	 +90.000	+150.000	0.726	0.006	0.760	0.007	0.721	0.723	0.764	0.755
  +0.000	  +0.800	 +90.000	+150.000	0.736	0.006	0.775	0.007	0.728	0.730	0.778	0.775
  +0.800	  +1.442	 +90.000	+150.000	0.641	0.008	0.695	0.010	0.630	0.638	0.707	0.696
  +1.442	  +1.566	 +90.000	+150.000	0.538	0.028	0.553	0.035	0.542	0.530	0.571	0.576
  +1.566	  +2.000	 +90.000	+150.000	0.567	0.012	0.645	0.015	0.568	0.564	0.650	0.657
  +2.000	  +2.500	 +90.000	+150.000	0.548	0.019	0.575	0.019	0.540	0.547	0.597	0.566
  -2.500	  -2.000	+150.000	+500.000	0.471	0.041	0.616	0.040	0.480	0.471	0.570	0.624
  -2.000	  -1.566	+150.000	+500.000	0.604	0.024	0.602	0.027	0.586	0.586	0.644	0.599
  -1.566	  -1.442	+150.000	+500.000	0.454	0.044	0.533	0.057	0.488	0.490	0.570	0.529
  -1.442	  -0.800	+150.000	+500.000	0.632	0.016	0.674	0.018	0.631	0.631	0.716	0.690
  -0.800	  +0.000	+150.000	+500.000	0.722	0.011	0.764	0.013	0.716	0.715	0.794	0.762
  +0.000	  +0.800	+150.000	+500.000	0.704	0.012	0.773	0.012	0.703	0.709	0.773	0.770
  +0.800	  +1.442	+150.000	+500.000	0.617	0.015	0.653	0.018	0.617	0.609	0.670	0.658
  +1.442	  +1.566	+150.000	+500.000	0.482	0.051	0.591	0.060	0.465	0.465	0.603	0.577
  +1.566	  +2.000	+150.000	+500.000	0.569	0.024	0.616	0.028	0.572	0.567	0.684	0.619
  +2.000	  +2.500	+150.000	+500.000	0.539	0.040	0.551	0.038	0.547	0.563	0.535	0.559
