### var1 :  Probe_sc_eta 
### var2 :  Probe_pt 
  -2.500	  -2.000	 +10.000	 +15.000	0.117	0.006	0.198	0.011	0.199	0.205	0.222	0.196
  -2.000	  -1.566	 +10.000	 +15.000	0.273	0.013	0.318	0.013	0.270	0.312	0.308	0.314
  -1.566	  -1.442	 +10.000	 +15.000	0.284	0.025	0.320	0.028	0.279	0.329	0.281	0.314
  -1.442	  -0.800	 +10.000	 +15.000	0.407	0.014	0.345	0.012	0.402	0.427	0.361	0.344
  -0.800	  +0.000	 +10.000	 +15.000	0.345	0.010	0.352	0.010	0.355	0.364	0.351	0.355
  +0.000	  +0.800	 +10.000	 +15.000	0.379	0.011	0.365	0.010	0.376	0.387	0.351	0.364
  +0.800	  +1.442	 +10.000	 +15.000	0.428	0.015	0.357	0.012	0.423	0.425	0.377	0.358
  +1.442	  +1.566	 +10.000	 +15.000	0.292	0.033	0.247	0.024	0.259	0.269	0.252	0.247
  +1.566	  +2.000	 +10.000	 +15.000	0.303	0.011	0.330	0.013	0.300	0.247	0.341	0.328
  +2.000	  +2.500	 +10.000	 +15.000	0.252	0.012	0.207	0.011	0.249	0.256	0.220	0.207
  -2.500	  -2.000	 +15.000	 +20.000	0.291	0.008	0.330	0.010	0.290	0.292	0.336	0.332
  -2.000	  -1.566	 +15.000	 +20.000	0.409	0.009	0.445	0.011	0.411	0.418	0.481	0.436
  -1.566	  -1.442	 +15.000	 +20.000	0.340	0.019	0.336	0.019	0.335	0.345	0.321	0.318
  -1.442	  -0.800	 +15.000	 +20.000	0.459	0.007	0.497	0.008	0.451	0.466	0.510	0.498
  -0.800	  +0.000	 +15.000	 +20.000	0.473	0.006	0.514	0.007	0.469	0.470	0.509	0.514
  +0.000	  +0.800	 +15.000	 +20.000	0.503	0.007	0.513	0.007	0.498	0.501	0.512	0.506
  +0.800	  +1.442	 +15.000	 +20.000	0.455	0.008	0.485	0.008	0.453	0.444	0.498	0.486
  +1.442	  +1.566	 +15.000	 +20.000	0.347	0.020	0.307	0.019	0.343	0.313	0.325	0.305
  +1.566	  +2.000	 +15.000	 +20.000	0.407	0.010	0.455	0.010	0.416	0.413	0.466	0.458
  +2.000	  +2.500	 +15.000	 +20.000	0.310	0.008	0.334	0.010	0.309	0.316	0.359	0.332
  -2.500	  -2.000	 +20.000	 +35.000	0.441	0.002	0.535	0.003	0.436	0.460	0.538	0.531
  -2.000	  -1.566	 +20.000	 +35.000	0.558	0.002	0.629	0.002	0.549	0.558	0.636	0.629
  -1.566	  -1.442	 +20.000	 +35.000	0.424	0.003	0.437	0.005	0.423	0.481	0.450	0.454
  -1.442	  -0.800	 +20.000	 +35.000	0.597	0.001	0.646	0.002	0.587	0.584	0.651	0.648
  -0.800	  +0.000	 +20.000	 +35.000	0.630	0.001	0.665	0.001	0.621	0.628	0.671	0.664
  +0.000	  +0.800	 +20.000	 +35.000	0.636	0.001	0.670	0.001	0.629	0.649	0.676	0.669
  +0.800	  +1.442	 +20.000	 +35.000	0.596	0.001	0.637	0.002	0.583	0.594	0.642	0.639
  +1.442	  +1.566	 +20.000	 +35.000	0.429	0.004	0.439	0.005	0.422	0.480	0.456	0.451
  +1.566	  +2.000	 +20.000	 +35.000	0.545	0.002	0.622	0.002	0.541	0.560	0.627	0.624
  +2.000	  +2.500	 +20.000	 +35.000	0.459	0.002	0.539	0.003	0.447	0.473	0.543	0.535
  -2.500	  -2.000	 +35.000	 +50.000	0.594	0.001	0.698	0.001	0.592	0.590	0.700	0.692
  -2.000	  -1.566	 +35.000	 +50.000	0.701	0.001	0.775	0.001	0.700	0.697	0.773	0.769
  -1.566	  -1.442	 +35.000	 +50.000	0.615	0.002	0.646	0.003	0.615	0.610	0.640	0.640
  -1.442	  -0.800	 +35.000	 +50.000	0.730	0.001	0.784	0.001	0.729	0.726	0.784	0.778
  -0.800	  +0.000	 +35.000	 +50.000	0.757	0.001	0.801	0.001	0.756	0.753	0.801	0.793
  +0.000	  +0.800	 +35.000	 +50.000	0.762	0.001	0.804	0.001	0.762	0.759	0.804	0.798
  +0.800	  +1.442	 +35.000	 +50.000	0.728	0.001	0.776	0.001	0.728	0.725	0.777	0.770
  +1.442	  +1.566	 +35.000	 +50.000	0.602	0.003	0.636	0.003	0.601	0.598	0.638	0.629
  +1.566	  +2.000	 +35.000	 +50.000	0.706	0.001	0.773	0.001	0.704	0.702	0.774	0.766
  +2.000	  +2.500	 +35.000	 +50.000	0.599	0.001	0.701	0.001	0.596	0.595	0.702	0.695
  -2.500	  -2.000	 +50.000	 +90.000	0.655	0.003	0.775	0.003	0.654	0.640	0.770	0.776
  -2.000	  -1.566	 +50.000	 +90.000	0.751	0.003	0.822	0.003	0.751	0.736	0.827	0.822
  -1.566	  -1.442	 +50.000	 +90.000	0.624	0.006	0.638	0.008	0.622	0.603	0.652	0.643
  -1.442	  -0.800	 +50.000	 +90.000	0.770	0.002	0.832	0.002	0.770	0.762	0.833	0.832
  -0.800	  +0.000	 +50.000	 +90.000	0.795	0.002	0.838	0.002	0.795	0.783	0.839	0.836
  +0.000	  +0.800	 +50.000	 +90.000	0.794	0.001	0.842	0.002	0.794	0.784	0.845	0.841
  +0.800	  +1.442	 +50.000	 +90.000	0.774	0.001	0.826	0.002	0.774	0.761	0.829	0.821
  +1.442	  +1.566	 +50.000	 +90.000	0.611	0.006	0.645	0.008	0.611	0.593	0.648	0.652
  +1.566	  +2.000	 +50.000	 +90.000	0.755	0.003	0.824	0.003	0.755	0.743	0.827	0.828
  +2.000	  +2.500	 +50.000	 +90.000	0.665	0.004	0.765	0.003	0.663	0.640	0.770	0.767
  -2.500	  -2.000	 +90.000	+150.000	0.801	0.014	0.841	0.014	0.789	0.800	0.849	0.843
  -2.000	  -1.566	 +90.000	+150.000	0.848	0.010	0.871	0.011	0.847	0.854	0.875	0.868
  -1.566	  -1.442	 +90.000	+150.000	0.711	0.025	0.730	0.029	0.702	0.715	0.721	0.728
  -1.442	  -0.800	 +90.000	+150.000	0.844	0.007	0.875	0.007	0.840	0.844	0.874	0.878
  -0.800	  +0.000	 +90.000	+150.000	0.842	0.005	0.862	0.006	0.837	0.839	0.867	0.859
  +0.000	  +0.800	 +90.000	+150.000	0.848	0.005	0.869	0.006	0.842	0.842	0.873	0.866
  +0.800	  +1.442	 +90.000	+150.000	0.843	0.007	0.870	0.007	0.833	0.838	0.870	0.868
  +1.442	  +1.566	 +90.000	+150.000	0.730	0.026	0.674	0.034	0.732	0.724	0.725	0.698
  +1.566	  +2.000	 +90.000	+150.000	0.842	0.010	0.886	0.010	0.837	0.837	0.861	0.883
  +2.000	  +2.500	 +90.000	+150.000	0.819	0.015	0.861	0.013	0.814	0.819	0.847	0.853
  -2.500	  -2.000	+150.000	+500.000	0.831	0.031	0.863	0.027	0.836	0.842	0.851	0.850
  -2.000	  -1.566	+150.000	+500.000	0.915	0.016	0.909	0.015	0.880	0.887	0.922	0.909
  -1.566	  -1.442	+150.000	+500.000	0.728	0.043	0.712	0.051	0.731	0.735	0.743	0.701
  -1.442	  -0.800	+150.000	+500.000	0.861	0.012	0.863	0.013	0.859	0.861	0.902	0.872
  -0.800	  +0.000	+150.000	+500.000	0.857	0.009	0.879	0.010	0.846	0.847	0.891	0.878
  +0.000	  +0.800	+150.000	+500.000	0.842	0.009	0.872	0.010	0.842	0.849	0.893	0.873
  +0.800	  +1.442	+150.000	+500.000	0.852	0.012	0.882	0.012	0.851	0.854	0.867	0.879
  +1.442	  +1.566	+150.000	+500.000	0.685	0.045	0.724	0.056	0.685	0.694	0.743	0.711
  +1.566	  +2.000	+150.000	+500.000	0.866	0.019	0.866	0.020	0.865	0.863	0.906	0.877
  +2.000	  +2.500	+150.000	+500.000	0.800	0.030	0.860	0.027	0.825	0.841	0.904	0.873
