### var1 :  Probe_sc_eta 
### var2 :  Probe_pt 
  -2.500	  -2.000	 +10.000	 +15.000	0.183	0.004	0.188	0.008	0.181	0.188	0.193	0.185
  -2.000	  -1.566	 +10.000	 +15.000	0.200	0.004	0.248	0.009	0.197	0.207	0.255	0.245
  -1.566	  -1.442	 +10.000	 +15.000	0.170	0.009	0.161	0.016	0.167	0.186	0.132	0.165
  -1.442	  -0.800	 +10.000	 +15.000	0.254	0.005	0.260	0.008	0.252	0.259	0.257	0.254
  -0.800	  +0.000	 +10.000	 +15.000	0.292	0.005	0.321	0.009	0.286	0.291	0.321	0.327
  +0.000	  +0.800	 +10.000	 +15.000	0.286	0.005	0.325	0.009	0.283	0.281	0.323	0.329
  +0.800	  +1.442	 +10.000	 +15.000	0.255	0.005	0.264	0.008	0.252	0.253	0.257	0.260
  +1.442	  +1.566	 +10.000	 +15.000	0.152	0.009	0.133	0.014	0.149	0.078	0.137	0.131
  +1.566	  +2.000	 +10.000	 +15.000	0.210	0.004	0.233	0.008	0.208	0.206	0.256	0.235
  +2.000	  +2.500	 +10.000	 +15.000	0.184	0.003	0.227	0.008	0.183	0.200	0.225	0.223
  -2.500	  -2.000	 +15.000	 +20.000	0.249	0.003	0.285	0.007	0.251	0.250	0.277	0.280
  -2.000	  -1.566	 +15.000	 +20.000	0.286	0.003	0.343	0.007	0.285	0.284	0.350	0.339
  -1.566	  -1.442	 +15.000	 +20.000	0.164	0.005	0.184	0.010	0.163	0.143	0.172	0.202
  -1.442	  -0.800	 +15.000	 +20.000	0.333	0.003	0.370	0.006	0.332	0.333	0.383	0.359
  -0.800	  +0.000	 +15.000	 +20.000	0.370	0.003	0.422	0.005	0.368	0.363	0.429	0.422
  +0.000	  +0.800	 +15.000	 +20.000	0.404	0.003	0.432	0.005	0.398	0.398	0.438	0.436
  +0.800	  +1.442	 +15.000	 +20.000	0.334	0.003	0.376	0.006	0.332	0.332	0.381	0.366
  +1.442	  +1.566	 +15.000	 +20.000	0.161	0.005	0.177	0.010	0.160	0.156	0.196	0.172
  +1.566	  +2.000	 +15.000	 +20.000	0.281	0.001	0.338	0.007	0.279	0.276	0.338	0.333
  +2.000	  +2.500	 +15.000	 +20.000	0.250	0.002	0.320	0.007	0.249	0.251	0.309	0.329
  -2.500	  -2.000	 +20.000	 +35.000	0.340	0.001	0.391	0.002	0.337	0.343	0.396	0.391
  -2.000	  -1.566	 +20.000	 +35.000	0.398	0.001	0.475	0.002	0.396	0.408	0.481	0.470
  -1.566	  -1.442	 +20.000	 +35.000	0.282	0.001	0.319	0.003	0.282	0.355	0.324	0.310
  -1.442	  -0.800	 +20.000	 +35.000	0.488	0.001	0.551	0.001	0.487	0.492	0.557	0.543
  -0.800	  +0.000	 +20.000	 +35.000	0.537	0.001	0.595	0.001	0.531	0.537	0.601	0.584
  +0.000	  +0.800	 +20.000	 +35.000	0.550	0.001	0.597	0.001	0.545	0.549	0.601	0.586
  +0.800	  +1.442	 +20.000	 +35.000	0.491	0.001	0.560	0.001	0.485	0.494	0.564	0.552
  +1.442	  +1.566	 +20.000	 +35.000	0.261	0.001	0.318	0.003	0.262	0.315	0.319	0.309
  +1.566	  +2.000	 +20.000	 +35.000	0.387	0.001	0.478	0.002	0.388	0.397	0.479	0.471
  +2.000	  +2.500	 +20.000	 +35.000	0.343	0.001	0.422	0.002	0.340	0.346	0.420	0.421
  -2.500	  -2.000	 +35.000	 +50.000	0.415	0.001	0.483	0.001	0.414	0.412	0.486	0.492
  -2.000	  -1.566	 +35.000	 +50.000	0.490	0.001	0.576	0.001	0.489	0.486	0.577	0.581
  -1.566	  -1.442	 +35.000	 +50.000	0.451	0.001	0.518	0.003	0.452	0.448	0.514	0.526
  -1.442	  -0.800	 +35.000	 +50.000	0.632	0.001	0.701	0.001	0.631	0.626	0.702	0.704
  -0.800	  +0.000	 +35.000	 +50.000	0.661	0.001	0.732	0.001	0.660	0.658	0.731	0.734
  +0.000	  +0.800	 +35.000	 +50.000	0.673	0.001	0.729	0.001	0.672	0.669	0.727	0.731
  +0.800	  +1.442	 +35.000	 +50.000	0.630	0.001	0.708	0.001	0.630	0.626	0.708	0.710
  +1.442	  +1.566	 +35.000	 +50.000	0.431	0.001	0.509	0.003	0.430	0.427	0.507	0.511
  +1.566	  +2.000	 +35.000	 +50.000	0.486	0.001	0.577	0.001	0.485	0.483	0.577	0.581
  +2.000	  +2.500	 +35.000	 +50.000	0.421	0.001	0.511	0.001	0.419	0.419	0.513	0.517
  -2.500	  -2.000	 +50.000	 +90.000	0.458	0.002	0.528	0.004	0.456	0.447	0.536	0.538
  -2.000	  -1.566	 +50.000	 +90.000	0.534	0.001	0.621	0.003	0.534	0.524	0.621	0.623
  -1.566	  -1.442	 +50.000	 +90.000	0.521	0.003	0.589	0.006	0.520	0.508	0.576	0.594
  -1.442	  -0.800	 +50.000	 +90.000	0.681	0.001	0.759	0.002	0.681	0.672	0.759	0.763
  -0.800	  +0.000	 +50.000	 +90.000	0.710	0.001	0.784	0.001	0.710	0.702	0.786	0.783
  +0.000	  +0.800	 +50.000	 +90.000	0.720	0.001	0.779	0.001	0.720	0.711	0.780	0.781
  +0.800	  +1.442	 +50.000	 +90.000	0.680	0.001	0.760	0.002	0.680	0.670	0.762	0.761
  +1.442	  +1.566	 +50.000	 +90.000	0.493	0.003	0.574	0.006	0.488	0.493	0.579	0.577
  +1.566	  +2.000	 +50.000	 +90.000	0.531	0.001	0.623	0.003	0.530	0.521	0.626	0.623
  +2.000	  +2.500	 +50.000	 +90.000	0.461	0.002	0.556	0.003	0.459	0.451	0.557	0.560
  -2.500	  -2.000	 +90.000	+150.000	0.508	0.009	0.593	0.017	0.509	0.507	0.586	0.588
  -2.000	  -1.566	 +90.000	+150.000	0.574	0.006	0.677	0.013	0.570	0.571	0.693	0.675
  -1.566	  -1.442	 +90.000	+150.000	0.500	0.009	0.602	0.027	0.491	0.500	0.545	0.567
  -1.442	  -0.800	 +90.000	+150.000	0.665	0.004	0.763	0.007	0.662	0.664	0.765	0.765
  -0.800	  +0.000	 +90.000	+150.000	0.728	0.003	0.803	0.006	0.723	0.725	0.792	0.808
  +0.000	  +0.800	 +90.000	+150.000	0.735	0.003	0.799	0.006	0.730	0.733	0.796	0.794
  +0.800	  +1.442	 +90.000	+150.000	0.670	0.004	0.760	0.007	0.665	0.670	0.761	0.769
  +1.442	  +1.566	 +90.000	+150.000	0.481	0.013	0.548	0.028	0.484	0.490	0.559	0.559
  +1.566	  +2.000	 +90.000	+150.000	0.559	0.006	0.665	0.013	0.553	0.560	0.666	0.655
  +2.000	  +2.500	 +90.000	+150.000	0.508	0.009	0.611	0.017	0.507	0.510	0.616	0.633
  -2.500	  -2.000	+150.000	+500.000	0.524	0.021	0.641	0.040	0.516	0.531	0.574	0.658
  -2.000	  -1.566	+150.000	+500.000	0.572	0.013	0.671	0.026	0.573	0.570	0.669	0.653
  -1.566	  -1.442	+150.000	+500.000	0.529	0.030	0.579	0.051	0.511	0.506	0.496	0.629
  -1.442	  -0.800	+150.000	+500.000	0.684	0.008	0.727	0.016	0.673	0.677	0.736	0.724
  -0.800	  +0.000	+150.000	+500.000	0.743	0.006	0.816	0.011	0.737	0.738	0.784	0.813
  +0.000	  +0.800	+150.000	+500.000	0.748	0.005	0.804	0.011	0.744	0.744	0.793	0.810
  +0.800	  +1.442	+150.000	+500.000	0.671	0.007	0.769	0.015	0.667	0.668	0.740	0.767
  +1.442	  +1.566	+150.000	+500.000	0.472	0.029	0.682	0.055	0.460	0.450	0.535	0.733
  +1.566	  +2.000	+150.000	+500.000	0.557	0.013	0.640	0.028	0.557	0.559	0.662	0.645
  +2.000	  +2.500	+150.000	+500.000	0.562	0.023	0.607	0.040	0.552	0.552	0.666	0.599
