### var1 :  probe_Ele_eta 
### var2 :  probe_Ele_pt 
  -2.500	  -2.000	 +10.000	 +20.000	0.407	0.006	0.497	0.014	0.408	0.413	0.501	0.505
  -2.000	  -1.566	 +10.000	 +20.000	0.486	0.005	0.624	0.012	0.483	0.489	0.601	0.628
  -1.566	  -1.442	 +10.000	 +20.000	0.556	0.013	0.657	0.025	0.550	0.565	0.615	0.654
  -1.442	  -0.800	 +10.000	 +20.000	0.622	0.004	0.718	0.008	0.623	0.627	0.702	0.718
  -0.800	  +0.000	 +10.000	 +20.000	0.756	0.003	0.832	0.006	0.756	0.751	0.821	0.832
  +0.000	  +0.800	 +10.000	 +20.000	0.776	0.003	0.817	0.007	0.773	0.771	0.829	0.815
  +0.800	  +1.442	 +10.000	 +20.000	0.624	0.004	0.692	0.009	0.624	0.625	0.696	0.697
  +1.442	  +1.566	 +10.000	 +20.000	0.485	0.012	0.589	0.027	0.484	0.476	0.573	0.571
  +1.566	  +2.000	 +10.000	 +20.000	0.386	0.005	0.511	0.012	0.382	0.389	0.485	0.515
  +2.000	  +2.500	 +10.000	 +20.000	0.481	0.006	0.543	0.014	0.469	0.474	0.570	0.547
  -2.500	  -2.000	 +20.000	 +35.000	0.649	0.001	0.739	0.003	0.648	0.646	0.745	0.738
  -2.000	  -1.566	 +20.000	 +35.000	0.672	0.001	0.773	0.002	0.674	0.675	0.772	0.772
  -1.566	  -1.442	 +20.000	 +35.000	0.739	0.002	0.803	0.005	0.739	0.744	0.793	0.799
  -1.442	  -0.800	 +20.000	 +35.000	0.804	0.001	0.850	0.001	0.804	0.805	0.853	0.850
  -0.800	  +0.000	 +20.000	 +35.000	0.857	0.001	0.886	0.001	0.856	0.855	0.887	0.886
  +0.000	  +0.800	 +20.000	 +35.000	0.855	0.001	0.889	0.001	0.855	0.856	0.888	0.889
  +0.800	  +1.442	 +20.000	 +35.000	0.799	0.001	0.848	0.001	0.799	0.801	0.850	0.847
  +1.442	  +1.566	 +20.000	 +35.000	0.725	0.002	0.795	0.005	0.728	0.738	0.790	0.791
  +1.566	  +2.000	 +20.000	 +35.000	0.631	0.001	0.738	0.002	0.633	0.633	0.738	0.737
  +2.000	  +2.500	 +20.000	 +35.000	0.648	0.001	0.751	0.003	0.649	0.650	0.755	0.749
  -2.500	  -2.000	 +35.000	 +50.000	0.634	0.001	0.726	0.002	0.634	0.634	0.726	0.723
  -2.000	  -1.566	 +35.000	 +50.000	0.634	0.001	0.735	0.002	0.634	0.633	0.735	0.728
  -1.566	  -1.442	 +35.000	 +50.000	0.731	0.001	0.795	0.003	0.731	0.731	0.796	0.796
  -1.442	  -0.800	 +35.000	 +50.000	0.749	0.001	0.822	0.001	0.748	0.748	0.821	0.820
  -0.800	  +0.000	 +35.000	 +50.000	0.818	0.001	0.858	0.001	0.817	0.817	0.859	0.857
  +0.000	  +0.800	 +35.000	 +50.000	0.818	0.001	0.864	0.001	0.818	0.817	0.862	0.863
  +0.800	  +1.442	 +35.000	 +50.000	0.753	0.001	0.825	0.001	0.752	0.752	0.824	0.824
  +1.442	  +1.566	 +35.000	 +50.000	0.733	0.001	0.790	0.003	0.732	0.732	0.798	0.789
  +1.566	  +2.000	 +35.000	 +50.000	0.618	0.001	0.722	0.002	0.618	0.618	0.720	0.716
  +2.000	  +2.500	 +35.000	 +50.000	0.642	0.001	0.737	0.002	0.641	0.641	0.735	0.737
  -2.500	  -2.000	 +50.000	 +90.000	0.633	0.002	0.725	0.004	0.632	0.631	0.723	0.723
  -2.000	  -1.566	 +50.000	 +90.000	0.675	0.002	0.766	0.003	0.675	0.675	0.768	0.765
  -1.566	  -1.442	 +50.000	 +90.000	0.745	0.003	0.814	0.007	0.745	0.741	0.797	0.821
  -1.442	  -0.800	 +50.000	 +90.000	0.759	0.001	0.806	0.002	0.759	0.757	0.812	0.807
  -0.800	  +0.000	 +50.000	 +90.000	0.835	0.001	0.861	0.002	0.834	0.834	0.861	0.861
  +0.000	  +0.800	 +50.000	 +90.000	0.833	0.001	0.865	0.001	0.833	0.833	0.866	0.867
  +0.800	  +1.442	 +50.000	 +90.000	0.757	0.001	0.811	0.002	0.756	0.755	0.809	0.810
  +1.442	  +1.566	 +50.000	 +90.000	0.731	0.003	0.800	0.007	0.729	0.732	0.794	0.797
  +1.566	  +2.000	 +50.000	 +90.000	0.678	0.001	0.762	0.003	0.678	0.675	0.762	0.760
  +2.000	  +2.500	 +50.000	 +90.000	0.628	0.002	0.717	0.004	0.627	0.624	0.726	0.713
  -2.500	  -2.000	 +90.000	+150.000	0.638	0.009	0.709	0.021	0.637	0.638	0.708	0.706
  -2.000	  -1.566	 +90.000	+150.000	0.678	0.007	0.709	0.017	0.678	0.678	0.756	0.701
  -1.566	  -1.442	 +90.000	+150.000	0.751	0.014	0.817	0.030	0.751	0.748	0.758	0.815
  -1.442	  -0.800	 +90.000	+150.000	0.735	0.004	0.816	0.009	0.735	0.734	0.793	0.821
  -0.800	  +0.000	 +90.000	+150.000	0.845	0.003	0.878	0.006	0.844	0.848	0.868	0.881
  +0.000	  +0.800	 +90.000	+150.000	0.851	0.003	0.871	0.007	0.851	0.852	0.888	0.873
  +0.800	  +1.442	 +90.000	+150.000	0.744	0.004	0.794	0.010	0.744	0.744	0.784	0.797
  +1.442	  +1.566	 +90.000	+150.000	0.723	0.010	0.842	0.029	0.724	0.724	0.750	0.848
  +1.566	  +2.000	 +90.000	+150.000	0.683	0.007	0.740	0.017	0.683	0.685	0.767	0.733
  +2.000	  +2.500	 +90.000	+150.000	0.638	0.011	0.695	0.021	0.634	0.633	0.670	0.687
  -2.500	  -2.000	+150.000	+500.000	0.629	0.024	0.687	0.045	0.625	0.623	0.653	0.673
  -2.000	  -1.566	+150.000	+500.000	0.669	0.014	0.712	0.030	0.671	0.672	0.646	0.706
  -1.566	  -1.442	+150.000	+500.000	0.690	0.027	0.825	0.053	0.689	0.702	0.793	0.833
  -1.442	  -0.800	+150.000	+500.000	0.708	0.008	0.767	0.018	0.708	0.708	0.777	0.767
  -0.800	  +0.000	+150.000	+500.000	0.845	0.005	0.869	0.011	0.847	0.848	0.883	0.870
  +0.000	  +0.800	+150.000	+500.000	0.848	0.004	0.874	0.011	0.847	0.848	0.861	0.870
  +0.800	  +1.442	+150.000	+500.000	0.710	0.008	0.756	0.018	0.710	0.713	0.764	0.754
  +1.442	  +1.566	+150.000	+500.000	0.685	0.034	0.736	0.074	0.682	0.683	0.770	0.712
  +1.566	  +2.000	+150.000	+500.000	0.634	0.014	0.698	0.032	0.636	0.636	0.755	0.694
  +2.000	  +2.500	+150.000	+500.000	0.629	0.029	0.622	0.050	0.605	0.604	0.574	0.617
