### var1 :  Probe_sc_eta 
### var2 :  Probe_pt 
  -2.500	  -2.000	 +10.000	 +15.000	0.045	0.004	0.060	0.007	0.048	0.050	0.061	0.060
  -2.000	  -1.566	 +10.000	 +15.000	0.096	0.005	0.123	0.009	0.104	0.110	0.119	0.124
  -1.566	  -1.442	 +10.000	 +15.000	0.099	0.015	0.135	0.020	0.083	0.097	0.116	0.139
  -1.442	  -0.800	 +10.000	 +15.000	0.188	0.007	0.189	0.010	0.187	0.199	0.191	0.191
  -0.800	  +0.000	 +10.000	 +15.000	0.225	0.006	0.236	0.009	0.219	0.225	0.235	0.238
  +0.000	  +0.800	 +10.000	 +15.000	0.232	0.004	0.238	0.008	0.228	0.241	0.250	0.235
  +0.800	  +1.442	 +10.000	 +15.000	0.197	0.007	0.176	0.009	0.191	0.205	0.190	0.177
  +1.442	  +1.566	 +10.000	 +15.000	0.093	0.012	0.071	0.014	0.093	0.097	0.096	0.067
  +1.566	  +2.000	 +10.000	 +15.000	0.068	0.005	0.091	0.008	0.067	0.066	0.094	0.086
  +2.000	  +2.500	 +10.000	 +15.000	0.083	0.005	0.077	0.007	0.083	0.089	0.080	0.079
  -2.500	  -2.000	 +15.000	 +20.000	0.190	0.005	0.190	0.008	0.190	0.191	0.205	0.186
  -2.000	  -1.566	 +15.000	 +20.000	0.257	0.006	0.300	0.010	0.259	0.266	0.323	0.300
  -1.566	  -1.442	 +15.000	 +20.000	0.220	0.012	0.214	0.016	0.218	0.222	0.231	0.195
  -1.442	  -0.800	 +15.000	 +20.000	0.360	0.005	0.388	0.008	0.357	0.367	0.392	0.388
  -0.800	  +0.000	 +15.000	 +20.000	0.418	0.005	0.442	0.007	0.415	0.419	0.440	0.443
  +0.000	  +0.800	 +15.000	 +20.000	0.433	0.004	0.439	0.007	0.429	0.439	0.447	0.434
  +0.800	  +1.442	 +15.000	 +20.000	0.354	0.005	0.369	0.008	0.353	0.356	0.374	0.367
  +1.442	  +1.566	 +15.000	 +20.000	0.136	0.008	0.205	0.017	0.198	0.189	0.230	0.212
  +1.566	  +2.000	 +15.000	 +20.000	0.219	0.006	0.267	0.009	0.220	0.220	0.262	0.270
  +2.000	  +2.500	 +15.000	 +20.000	0.199	0.005	0.204	0.008	0.197	0.196	0.229	0.196
  -2.500	  -2.000	 +20.000	 +35.000	0.352	0.002	0.383	0.003	0.345	0.366	0.388	0.380
  -2.000	  -1.566	 +20.000	 +35.000	0.415	0.001	0.480	0.002	0.407	0.426	0.483	0.480
  -1.566	  -1.442	 +20.000	 +35.000	0.339	0.003	0.348	0.004	0.339	0.389	0.360	0.361
  -1.442	  -0.800	 +20.000	 +35.000	0.509	0.001	0.550	0.002	0.497	0.505	0.558	0.552
  -0.800	  +0.000	 +20.000	 +35.000	0.561	0.001	0.594	0.001	0.553	0.569	0.597	0.596
  +0.000	  +0.800	 +20.000	 +35.000	0.565	0.001	0.599	0.001	0.560	0.572	0.606	0.599
  +0.800	  +1.442	 +20.000	 +35.000	0.504	0.001	0.544	0.002	0.494	0.511	0.547	0.547
  +1.442	  +1.566	 +20.000	 +35.000	0.324	0.003	0.344	0.004	0.322	0.375	0.360	0.357
  +1.566	  +2.000	 +20.000	 +35.000	0.380	0.001	0.452	0.002	0.378	0.387	0.457	0.454
  +2.000	  +2.500	 +20.000	 +35.000	0.355	0.002	0.396	0.003	0.347	0.366	0.401	0.391
  -2.500	  -2.000	 +35.000	 +50.000	0.438	0.001	0.503	0.002	0.437	0.434	0.504	0.500
  -2.000	  -1.566	 +35.000	 +50.000	0.512	0.001	0.589	0.001	0.511	0.507	0.588	0.584
  -1.566	  -1.442	 +35.000	 +50.000	0.475	0.002	0.513	0.003	0.475	0.470	0.509	0.511
  -1.442	  -0.800	 +35.000	 +50.000	0.595	0.001	0.651	0.001	0.595	0.591	0.651	0.647
  -0.800	  +0.000	 +35.000	 +50.000	0.656	0.001	0.694	0.001	0.655	0.651	0.694	0.689
  +0.000	  +0.800	 +35.000	 +50.000	0.659	0.001	0.699	0.001	0.658	0.655	0.698	0.694
  +0.800	  +1.442	 +35.000	 +50.000	0.592	0.001	0.648	0.001	0.591	0.588	0.647	0.645
  +1.442	  +1.566	 +35.000	 +50.000	0.467	0.002	0.505	0.003	0.466	0.463	0.511	0.503
  +1.566	  +2.000	 +35.000	 +50.000	0.494	0.001	0.577	0.001	0.493	0.490	0.576	0.570
  +2.000	  +2.500	 +35.000	 +50.000	0.448	0.001	0.513	0.002	0.446	0.444	0.514	0.510
  -2.500	  -2.000	 +50.000	 +90.000	0.471	0.003	0.550	0.004	0.469	0.460	0.545	0.549
  -2.000	  -1.566	 +50.000	 +90.000	0.545	0.002	0.627	0.004	0.545	0.534	0.632	0.627
  -1.566	  -1.442	 +50.000	 +90.000	0.496	0.005	0.518	0.008	0.492	0.472	0.527	0.526
  -1.442	  -0.800	 +50.000	 +90.000	0.611	0.001	0.679	0.003	0.615	0.608	0.677	0.679
  -0.800	  +0.000	 +50.000	 +90.000	0.686	0.001	0.728	0.002	0.686	0.678	0.730	0.727
  +0.000	  +0.800	 +50.000	 +90.000	0.691	0.001	0.733	0.002	0.691	0.680	0.738	0.733
  +0.800	  +1.442	 +50.000	 +90.000	0.609	0.002	0.680	0.003	0.609	0.602	0.679	0.680
  +1.442	  +1.566	 +50.000	 +90.000	0.464	0.005	0.518	0.008	0.462	0.453	0.519	0.523
  +1.566	  +2.000	 +50.000	 +90.000	0.546	0.002	0.623	0.004	0.546	0.537	0.626	0.629
  +2.000	  +2.500	 +50.000	 +90.000	0.470	0.003	0.554	0.004	0.468	0.458	0.555	0.560
  -2.500	  -2.000	 +90.000	+150.000	0.550	0.013	0.605	0.019	0.550	0.549	0.579	0.606
  -2.000	  -1.566	 +90.000	+150.000	0.601	0.010	0.646	0.015	0.601	0.602	0.660	0.646
  -1.566	  -1.442	 +90.000	+150.000	0.590	0.021	0.616	0.031	0.585	0.594	0.584	0.602
  -1.442	  -0.800	 +90.000	+150.000	0.644	0.006	0.723	0.009	0.641	0.647	0.715	0.724
  -0.800	  +0.000	 +90.000	+150.000	0.728	0.005	0.749	0.008	0.726	0.726	0.769	0.744
  +0.000	  +0.800	 +90.000	+150.000	0.740	0.005	0.776	0.007	0.736	0.736	0.790	0.777
  +0.800	  +1.442	 +90.000	+150.000	0.650	0.006	0.691	0.010	0.642	0.646	0.703	0.691
  +1.442	  +1.566	 +90.000	+150.000	0.554	0.025	0.574	0.035	0.547	0.562	0.576	0.587
  +1.566	  +2.000	 +90.000	+150.000	0.596	0.010	0.645	0.015	0.594	0.597	0.661	0.652
  +2.000	  +2.500	 +90.000	+150.000	0.546	0.014	0.571	0.019	0.543	0.549	0.605	0.567
  -2.500	  -2.000	+150.000	+500.000	0.545	0.028	0.591	0.041	0.534	0.542	0.586	0.608
  -2.000	  -1.566	+150.000	+500.000	0.593	0.020	0.597	0.027	0.582	0.585	0.624	0.592
  -1.566	  -1.442	+150.000	+500.000	0.512	0.039	0.504	0.058	0.502	0.501	0.599	0.504
  -1.442	  -0.800	+150.000	+500.000	0.607	0.012	0.682	0.017	0.607	0.605	0.700	0.694
  -0.800	  +0.000	+150.000	+500.000	0.733	0.009	0.781	0.012	0.731	0.730	0.794	0.783
  +0.000	  +0.800	+150.000	+500.000	0.747	0.010	0.771	0.012	0.743	0.742	0.782	0.771
  +0.800	  +1.442	+150.000	+500.000	0.627	0.012	0.653	0.018	0.620	0.623	0.657	0.662
  +1.442	  +1.566	+150.000	+500.000	0.504	0.043	0.641	0.061	0.497	0.532	0.627	0.636
  +1.566	  +2.000	+150.000	+500.000	0.580	0.019	0.592	0.029	0.579	0.578	0.658	0.605
  +2.000	  +2.500	+150.000	+500.000	0.470	0.028	0.591	0.038	0.470	0.487	0.518	0.591
