### var1 :  Probe_sc_eta 
### var2 :  Probe_pt 
  -2.500	  -2.000	 +10.000	 +15.000	0.059	0.008	0.054	0.006	0.060	0.057	0.057	0.054
  -2.000	  -1.566	 +10.000	 +15.000	0.086	0.010	0.122	0.009	0.089	0.082	0.119	0.123
  -1.566	  -1.442	 +10.000	 +15.000	0.049	0.012	0.142	0.021	0.051	0.115	0.132	0.141
  -1.442	  -0.800	 +10.000	 +15.000	0.180	0.013	0.181	0.009	0.175	0.189	0.188	0.183
  -0.800	  +0.000	 +10.000	 +15.000	0.218	0.011	0.236	0.009	0.218	0.221	0.227	0.240
  +0.000	  +0.800	 +10.000	 +15.000	0.218	0.012	0.238	0.009	0.219	0.221	0.245	0.235
  +0.800	  +1.442	 +10.000	 +15.000	0.158	0.011	0.181	0.009	0.162	0.159	0.183	0.181
  +1.442	  +1.566	 +10.000	 +15.000	0.071	0.020	0.063	0.013	0.070	0.083	0.084	0.063
  +1.566	  +2.000	 +10.000	 +15.000	0.071	0.008	0.088	0.008	0.071	0.082	0.094	0.086
  +2.000	  +2.500	 +10.000	 +15.000	0.081	0.009	0.073	0.007	0.080	0.090	0.078	0.075
  -2.500	  -2.000	 +15.000	 +20.000	0.161	0.009	0.189	0.008	0.160	0.166	0.196	0.185
  -2.000	  -1.566	 +15.000	 +20.000	0.222	0.010	0.296	0.010	0.223	0.226	0.322	0.289
  -1.566	  -1.442	 +15.000	 +20.000	0.224	0.022	0.228	0.016	0.222	0.228	0.208	0.212
  -1.442	  -0.800	 +15.000	 +20.000	0.317	0.008	0.382	0.008	0.315	0.325	0.383	0.379
  -0.800	  +0.000	 +15.000	 +20.000	0.377	0.008	0.443	0.007	0.375	0.374	0.435	0.443
  +0.000	  +0.800	 +15.000	 +20.000	0.441	0.009	0.445	0.007	0.427	0.441	0.442	0.440
  +0.800	  +1.442	 +15.000	 +20.000	0.315	0.009	0.362	0.008	0.314	0.313	0.372	0.360
  +1.442	  +1.566	 +15.000	 +20.000	0.167	0.020	0.189	0.016	0.185	0.173	0.215	0.189
  +1.566	  +2.000	 +15.000	 +20.000	0.182	0.009	0.265	0.009	0.191	0.194	0.274	0.265
  +2.000	  +2.500	 +15.000	 +20.000	0.193	0.009	0.196	0.008	0.192	0.195	0.224	0.190
  -2.500	  -2.000	 +20.000	 +35.000	0.319	0.003	0.368	0.003	0.315	0.335	0.373	0.366
  -2.000	  -1.566	 +20.000	 +35.000	0.369	0.003	0.473	0.002	0.365	0.370	0.477	0.474
  -1.566	  -1.442	 +20.000	 +35.000	0.298	0.004	0.335	0.004	0.299	0.345	0.343	0.349
  -1.442	  -0.800	 +20.000	 +35.000	0.456	0.002	0.538	0.002	0.450	0.448	0.543	0.538
  -0.800	  +0.000	 +20.000	 +35.000	0.516	0.002	0.587	0.001	0.512	0.516	0.595	0.589
  +0.000	  +0.800	 +20.000	 +35.000	0.522	0.002	0.594	0.001	0.518	0.534	0.600	0.594
  +0.800	  +1.442	 +20.000	 +35.000	0.453	0.002	0.528	0.002	0.444	0.455	0.533	0.530
  +1.442	  +1.566	 +20.000	 +35.000	0.293	0.005	0.334	0.004	0.291	0.338	0.347	0.346
  +1.566	  +2.000	 +20.000	 +35.000	0.337	0.002	0.448	0.002	0.335	0.354	0.448	0.450
  +2.000	  +2.500	 +20.000	 +35.000	0.330	0.002	0.381	0.003	0.323	0.348	0.385	0.377
  -2.500	  -2.000	 +35.000	 +50.000	0.402	0.001	0.476	0.002	0.401	0.400	0.477	0.474
  -2.000	  -1.566	 +35.000	 +50.000	0.458	0.002	0.578	0.001	0.458	0.455	0.575	0.573
  -1.566	  -1.442	 +35.000	 +50.000	0.420	0.004	0.498	0.003	0.421	0.417	0.489	0.495
  -1.442	  -0.800	 +35.000	 +50.000	0.532	0.001	0.636	0.001	0.531	0.527	0.636	0.631
  -0.800	  +0.000	 +35.000	 +50.000	0.600	0.001	0.690	0.001	0.600	0.596	0.689	0.685
  +0.000	  +0.800	 +35.000	 +50.000	0.605	0.001	0.695	0.001	0.605	0.601	0.694	0.690
  +0.800	  +1.442	 +35.000	 +50.000	0.529	0.001	0.630	0.001	0.529	0.525	0.631	0.627
  +1.442	  +1.566	 +35.000	 +50.000	0.417	0.004	0.490	0.003	0.416	0.413	0.491	0.489
  +1.566	  +2.000	 +35.000	 +50.000	0.441	0.002	0.566	0.001	0.441	0.439	0.566	0.560
  +2.000	  +2.500	 +35.000	 +50.000	0.405	0.002	0.488	0.002	0.403	0.402	0.486	0.486
  -2.500	  -2.000	 +50.000	 +90.000	0.413	0.004	0.514	0.004	0.412	0.401	0.509	0.508
  -2.000	  -1.566	 +50.000	 +90.000	0.492	0.003	0.611	0.004	0.493	0.485	0.615	0.608
  -1.566	  -1.442	 +50.000	 +90.000	0.431	0.008	0.496	0.008	0.431	0.417	0.505	0.497
  -1.442	  -0.800	 +50.000	 +90.000	0.542	0.002	0.661	0.003	0.546	0.538	0.662	0.661
  -0.800	  +0.000	 +50.000	 +90.000	0.632	0.003	0.724	0.002	0.634	0.622	0.725	0.724
  +0.000	  +0.800	 +50.000	 +90.000	0.635	0.003	0.731	0.002	0.634	0.626	0.731	0.731
  +0.800	  +1.442	 +50.000	 +90.000	0.534	0.003	0.654	0.003	0.535	0.527	0.660	0.652
  +1.442	  +1.566	 +50.000	 +90.000	0.434	0.009	0.502	0.008	0.429	0.413	0.499	0.505
  +1.566	  +2.000	 +50.000	 +90.000	0.486	0.004	0.608	0.004	0.485	0.473	0.611	0.614
  +2.000	  +2.500	 +50.000	 +90.000	0.414	0.005	0.515	0.004	0.413	0.401	0.520	0.517
  -2.500	  -2.000	 +90.000	+150.000	0.481	0.024	0.542	0.019	0.473	0.482	0.525	0.542
  -2.000	  -1.566	 +90.000	+150.000	0.501	0.013	0.608	0.015	0.500	0.499	0.621	0.599
  -1.566	  -1.442	 +90.000	+150.000	0.448	0.042	0.578	0.032	0.435	0.451	0.549	0.562
  -1.442	  -0.800	 +90.000	+150.000	0.568	0.012	0.696	0.010	0.568	0.564	0.693	0.703
  -0.800	  +0.000	 +90.000	+150.000	0.687	0.010	0.754	0.008	0.686	0.686	0.758	0.750
  +0.000	  +0.800	 +90.000	+150.000	0.705	0.009	0.768	0.007	0.697	0.702	0.773	0.768
  +0.800	  +1.442	 +90.000	+150.000	0.550	0.012	0.676	0.010	0.541	0.547	0.679	0.679
  +1.442	  +1.566	 +90.000	+150.000	0.381	0.041	0.542	0.035	0.380	0.372	0.518	0.562
  +1.566	  +2.000	 +90.000	+150.000	0.526	0.018	0.608	0.016	0.523	0.519	0.611	0.621
  +2.000	  +2.500	 +90.000	+150.000	0.478	0.024	0.514	0.019	0.473	0.475	0.531	0.511
  -2.500	  -2.000	+150.000	+500.000	0.458	0.055	0.502	0.041	0.446	0.424	0.472	0.514
  -2.000	  -1.566	+150.000	+500.000	0.510	0.036	0.536	0.028	0.496	0.511	0.571	0.531
  -1.566	  -1.442	+150.000	+500.000	0.354	0.060	0.487	0.057	0.355	0.362	0.522	0.481
  -1.442	  -0.800	+150.000	+500.000	0.547	0.022	0.632	0.018	0.548	0.546	0.686	0.647
  -0.800	  +0.000	+150.000	+500.000	0.690	0.017	0.753	0.013	0.674	0.679	0.786	0.755
  +0.000	  +0.800	+150.000	+500.000	0.717	0.017	0.763	0.012	0.711	0.709	0.762	0.761
  +0.800	  +1.442	+150.000	+500.000	0.505	0.023	0.612	0.018	0.501	0.515	0.628	0.615
  +1.442	  +1.566	+150.000	+500.000	0.313	0.055	0.557	0.061	0.322	0.322	0.579	0.541
  +1.566	  +2.000	+150.000	+500.000	0.500	0.037	0.563	0.029	0.491	0.482	0.642	0.562
  +2.000	  +2.500	+150.000	+500.000	0.343	0.046	0.426	0.038	0.364	0.374	0.454	0.439
