### var1 :  Probe_sc_eta 
### var2 :  Probe_pt 
  -2.500	  -2.000	 +10.000	 +15.000	0.036	0.004	0.054	0.006	0.037	0.036	0.057	0.054
  -2.000	  -1.566	 +10.000	 +15.000	0.076	0.007	0.122	0.009	0.080	0.078	0.119	0.123
  -1.566	  -1.442	 +10.000	 +15.000	0.101	0.015	0.142	0.021	0.099	0.127	0.132	0.141
  -1.442	  -0.800	 +10.000	 +15.000	0.167	0.009	0.181	0.009	0.170	0.186	0.188	0.183
  -0.800	  +0.000	 +10.000	 +15.000	0.199	0.008	0.236	0.009	0.197	0.205	0.227	0.240
  +0.000	  +0.800	 +10.000	 +15.000	0.223	0.008	0.238	0.009	0.221	0.224	0.245	0.235
  +0.800	  +1.442	 +10.000	 +15.000	0.178	0.009	0.181	0.009	0.177	0.179	0.183	0.181
  +1.442	  +1.566	 +10.000	 +15.000	0.045	0.011	0.063	0.013	0.044	0.047	0.084	0.063
  +1.566	  +2.000	 +10.000	 +15.000	0.064	0.006	0.088	0.008	0.063	0.069	0.094	0.086
  +2.000	  +2.500	 +10.000	 +15.000	0.066	0.006	0.073	0.007	0.065	0.069	0.078	0.075
  -2.500	  -2.000	 +15.000	 +20.000	0.130	0.006	0.189	0.008	0.127	0.131	0.196	0.185
  -2.000	  -1.566	 +15.000	 +20.000	0.216	0.007	0.296	0.010	0.220	0.225	0.322	0.289
  -1.566	  -1.442	 +15.000	 +20.000	0.194	0.014	0.228	0.016	0.189	0.192	0.208	0.212
  -1.442	  -0.800	 +15.000	 +20.000	0.321	0.006	0.382	0.008	0.318	0.329	0.383	0.379
  -0.800	  +0.000	 +15.000	 +20.000	0.376	0.006	0.443	0.007	0.374	0.375	0.435	0.443
  +0.000	  +0.800	 +15.000	 +20.000	0.413	0.006	0.445	0.007	0.408	0.413	0.442	0.440
  +0.800	  +1.442	 +15.000	 +20.000	0.306	0.006	0.362	0.008	0.304	0.300	0.372	0.360
  +1.442	  +1.566	 +15.000	 +20.000	0.159	0.015	0.189	0.016	0.175	0.164	0.215	0.189
  +1.566	  +2.000	 +15.000	 +20.000	0.187	0.007	0.265	0.009	0.184	0.195	0.274	0.265
  +2.000	  +2.500	 +15.000	 +20.000	0.152	0.006	0.196	0.008	0.151	0.156	0.224	0.190
  -2.500	  -2.000	 +20.000	 +35.000	0.258	0.002	0.368	0.003	0.255	0.269	0.373	0.366
  -2.000	  -1.566	 +20.000	 +35.000	0.360	0.002	0.473	0.002	0.354	0.365	0.477	0.474
  -1.566	  -1.442	 +20.000	 +35.000	0.296	0.003	0.335	0.004	0.296	0.338	0.343	0.349
  -1.442	  -0.800	 +20.000	 +35.000	0.465	0.001	0.538	0.002	0.457	0.459	0.543	0.538
  -0.800	  +0.000	 +20.000	 +35.000	0.537	0.001	0.587	0.001	0.532	0.540	0.595	0.589
  +0.000	  +0.800	 +20.000	 +35.000	0.542	0.001	0.594	0.001	0.536	0.553	0.600	0.594
  +0.800	  +1.442	 +20.000	 +35.000	0.461	0.001	0.528	0.002	0.452	0.467	0.533	0.530
  +1.442	  +1.566	 +20.000	 +35.000	0.289	0.003	0.334	0.004	0.287	0.321	0.347	0.346
  +1.566	  +2.000	 +20.000	 +35.000	0.328	0.002	0.448	0.002	0.326	0.336	0.448	0.450
  +2.000	  +2.500	 +20.000	 +35.000	0.271	0.002	0.381	0.003	0.264	0.281	0.385	0.377
  -2.500	  -2.000	 +35.000	 +50.000	0.348	0.001	0.476	0.002	0.346	0.344	0.477	0.474
  -2.000	  -1.566	 +35.000	 +50.000	0.451	0.001	0.578	0.001	0.450	0.447	0.575	0.573
  -1.566	  -1.442	 +35.000	 +50.000	0.432	0.002	0.498	0.003	0.432	0.427	0.489	0.495
  -1.442	  -0.800	 +35.000	 +50.000	0.554	0.001	0.636	0.001	0.554	0.550	0.636	0.631
  -0.800	  +0.000	 +35.000	 +50.000	0.632	0.001	0.690	0.001	0.631	0.627	0.689	0.685
  +0.000	  +0.800	 +35.000	 +50.000	0.634	0.001	0.695	0.001	0.633	0.629	0.694	0.690
  +0.800	  +1.442	 +35.000	 +50.000	0.551	0.001	0.630	0.001	0.551	0.547	0.631	0.627
  +1.442	  +1.566	 +35.000	 +50.000	0.419	0.003	0.490	0.003	0.418	0.415	0.491	0.489
  +1.566	  +2.000	 +35.000	 +50.000	0.446	0.001	0.566	0.001	0.444	0.442	0.566	0.560
  +2.000	  +2.500	 +35.000	 +50.000	0.357	0.001	0.488	0.002	0.355	0.353	0.486	0.486
  -2.500	  -2.000	 +50.000	 +90.000	0.371	0.003	0.514	0.004	0.367	0.361	0.509	0.508
  -2.000	  -1.566	 +50.000	 +90.000	0.489	0.003	0.611	0.004	0.489	0.480	0.615	0.608
  -1.566	  -1.442	 +50.000	 +90.000	0.434	0.005	0.496	0.008	0.433	0.422	0.505	0.497
  -1.442	  -0.800	 +50.000	 +90.000	0.567	0.002	0.661	0.003	0.568	0.564	0.662	0.661
  -0.800	  +0.000	 +50.000	 +90.000	0.666	0.002	0.724	0.002	0.665	0.656	0.725	0.724
  +0.000	  +0.800	 +50.000	 +90.000	0.660	0.002	0.731	0.002	0.660	0.654	0.731	0.731
  +0.800	  +1.442	 +50.000	 +90.000	0.570	0.002	0.654	0.003	0.569	0.560	0.660	0.652
  +1.442	  +1.566	 +50.000	 +90.000	0.417	0.007	0.502	0.008	0.418	0.408	0.499	0.505
  +1.566	  +2.000	 +50.000	 +90.000	0.493	0.003	0.608	0.004	0.493	0.485	0.611	0.614
  +2.000	  +2.500	 +50.000	 +90.000	0.378	0.004	0.515	0.004	0.375	0.360	0.520	0.517
  -2.500	  -2.000	 +90.000	+150.000	0.433	0.016	0.542	0.019	0.430	0.433	0.525	0.542
  -2.000	  -1.566	 +90.000	+150.000	0.533	0.012	0.608	0.015	0.533	0.543	0.621	0.599
  -1.566	  -1.442	 +90.000	+150.000	0.497	0.026	0.578	0.032	0.486	0.496	0.549	0.562
  -1.442	  -0.800	 +90.000	+150.000	0.611	0.008	0.696	0.010	0.607	0.611	0.693	0.703
  -0.800	  +0.000	 +90.000	+150.000	0.719	0.006	0.754	0.008	0.714	0.716	0.758	0.750
  +0.000	  +0.800	 +90.000	+150.000	0.727	0.006	0.768	0.007	0.718	0.720	0.773	0.768
  +0.800	  +1.442	 +90.000	+150.000	0.603	0.008	0.676	0.010	0.591	0.601	0.679	0.679
  +1.442	  +1.566	 +90.000	+150.000	0.479	0.028	0.542	0.035	0.486	0.476	0.518	0.562
  +1.566	  +2.000	 +90.000	+150.000	0.528	0.012	0.608	0.016	0.529	0.525	0.611	0.621
  +2.000	  +2.500	 +90.000	+150.000	0.473	0.019	0.514	0.019	0.469	0.470	0.531	0.511
  -2.500	  -2.000	+150.000	+500.000	0.355	0.039	0.502	0.041	0.359	0.355	0.472	0.514
  -2.000	  -1.566	+150.000	+500.000	0.540	0.025	0.536	0.028	0.520	0.520	0.571	0.531
  -1.566	  -1.442	+150.000	+500.000	0.387	0.046	0.487	0.057	0.393	0.390	0.522	0.481
  -1.442	  -0.800	+150.000	+500.000	0.588	0.016	0.632	0.018	0.588	0.588	0.686	0.647
  -0.800	  +0.000	+150.000	+500.000	0.713	0.011	0.753	0.013	0.705	0.705	0.786	0.755
  +0.000	  +0.800	+150.000	+500.000	0.680	0.012	0.763	0.012	0.679	0.685	0.762	0.761
  +0.800	  +1.442	+150.000	+500.000	0.556	0.015	0.612	0.018	0.556	0.549	0.628	0.615
  +1.442	  +1.566	+150.000	+500.000	0.397	0.051	0.557	0.061	0.378	0.375	0.579	0.541
  +1.566	  +2.000	+150.000	+500.000	0.507	0.025	0.563	0.029	0.510	0.509	0.642	0.562
  +2.000	  +2.500	+150.000	+500.000	0.443	0.036	0.426	0.038	0.457	0.473	0.454	0.439
