### var1 :  Probe_sc_eta 
### var2 :  Probe_pt 
  -2.500	  -2.000	 +10.000	 +15.000	0.027	0.003	0.060	0.007	0.028	0.027	0.061	0.060
  -2.000	  -1.566	 +10.000	 +15.000	0.060	0.005	0.123	0.009	0.057	0.063	0.119	0.124
  -1.566	  -1.442	 +10.000	 +15.000	0.056	0.011	0.135	0.020	0.059	0.056	0.116	0.139
  -1.442	  -0.800	 +10.000	 +15.000	0.153	0.008	0.189	0.010	0.151	0.159	0.191	0.191
  -0.800	  +0.000	 +10.000	 +15.000	0.171	0.007	0.236	0.009	0.167	0.169	0.235	0.238
  +0.000	  +0.800	 +10.000	 +15.000	0.175	0.007	0.238	0.008	0.175	0.184	0.250	0.235
  +0.800	  +1.442	 +10.000	 +15.000	0.146	0.008	0.176	0.009	0.144	0.152	0.190	0.177
  +1.442	  +1.566	 +10.000	 +15.000	0.060	0.013	0.071	0.014	0.059	0.050	0.096	0.067
  +1.566	  +2.000	 +10.000	 +15.000	0.041	0.004	0.091	0.008	0.041	0.042	0.094	0.086
  +2.000	  +2.500	 +10.000	 +15.000	0.046	0.005	0.077	0.007	0.045	0.044	0.080	0.079
  -2.500	  -2.000	 +15.000	 +20.000	0.102	0.005	0.190	0.008	0.102	0.102	0.205	0.186
  -2.000	  -1.566	 +15.000	 +20.000	0.182	0.006	0.300	0.010	0.187	0.185	0.323	0.300
  -1.566	  -1.442	 +15.000	 +20.000	0.152	0.013	0.214	0.016	0.151	0.154	0.231	0.195
  -1.442	  -0.800	 +15.000	 +20.000	0.301	0.006	0.388	0.008	0.297	0.304	0.392	0.388
  -0.800	  +0.000	 +15.000	 +20.000	0.352	0.004	0.442	0.007	0.345	0.355	0.440	0.443
  +0.000	  +0.800	 +15.000	 +20.000	0.369	0.006	0.439	0.007	0.364	0.379	0.447	0.434
  +0.800	  +1.442	 +15.000	 +20.000	0.297	0.006	0.369	0.008	0.294	0.304	0.374	0.367
  +1.442	  +1.566	 +15.000	 +20.000	0.100	0.008	0.205	0.017	0.137	0.125	0.230	0.212
  +1.566	  +2.000	 +15.000	 +20.000	0.151	0.006	0.267	0.009	0.152	0.158	0.262	0.270
  +2.000	  +2.500	 +15.000	 +20.000	0.126	0.005	0.204	0.008	0.125	0.127	0.229	0.196
  -2.500	  -2.000	 +20.000	 +35.000	0.217	0.002	0.383	0.003	0.212	0.223	0.388	0.380
  -2.000	  -1.566	 +20.000	 +35.000	0.309	0.002	0.480	0.002	0.305	0.316	0.483	0.480
  -1.566	  -1.442	 +20.000	 +35.000	0.283	0.003	0.348	0.004	0.283	0.310	0.360	0.361
  -1.442	  -0.800	 +20.000	 +35.000	0.444	0.001	0.550	0.002	0.436	0.439	0.558	0.552
  -0.800	  +0.000	 +20.000	 +35.000	0.500	0.001	0.594	0.001	0.496	0.507	0.597	0.596
  +0.000	  +0.800	 +20.000	 +35.000	0.507	0.001	0.599	0.001	0.503	0.515	0.606	0.599
  +0.800	  +1.442	 +20.000	 +35.000	0.441	0.001	0.544	0.002	0.433	0.447	0.547	0.547
  +1.442	  +1.566	 +20.000	 +35.000	0.281	0.003	0.344	0.004	0.278	0.318	0.360	0.357
  +1.566	  +2.000	 +20.000	 +35.000	0.285	0.001	0.452	0.002	0.285	0.289	0.457	0.454
  +2.000	  +2.500	 +20.000	 +35.000	0.214	0.002	0.396	0.003	0.209	0.218	0.401	0.391
  -2.500	  -2.000	 +35.000	 +50.000	0.303	0.001	0.503	0.002	0.301	0.300	0.504	0.500
  -2.000	  -1.566	 +35.000	 +50.000	0.402	0.001	0.589	0.001	0.401	0.398	0.588	0.584
  -1.566	  -1.442	 +35.000	 +50.000	0.398	0.002	0.513	0.003	0.398	0.395	0.509	0.511
  -1.442	  -0.800	 +35.000	 +50.000	0.525	0.001	0.651	0.001	0.524	0.520	0.651	0.647
  -0.800	  +0.000	 +35.000	 +50.000	0.595	0.001	0.694	0.001	0.594	0.590	0.694	0.689
  +0.000	  +0.800	 +35.000	 +50.000	0.602	0.001	0.699	0.001	0.601	0.597	0.698	0.694
  +0.800	  +1.442	 +35.000	 +50.000	0.529	0.001	0.648	0.001	0.528	0.525	0.647	0.645
  +1.442	  +1.566	 +35.000	 +50.000	0.403	0.002	0.505	0.003	0.401	0.399	0.511	0.503
  +1.566	  +2.000	 +35.000	 +50.000	0.395	0.001	0.577	0.001	0.394	0.392	0.576	0.570
  +2.000	  +2.500	 +35.000	 +50.000	0.303	0.001	0.513	0.002	0.301	0.301	0.514	0.510
  -2.500	  -2.000	 +50.000	 +90.000	0.337	0.003	0.550	0.004	0.336	0.326	0.545	0.549
  -2.000	  -1.566	 +50.000	 +90.000	0.443	0.002	0.627	0.004	0.442	0.434	0.632	0.627
  -1.566	  -1.442	 +50.000	 +90.000	0.422	0.006	0.518	0.008	0.421	0.412	0.527	0.526
  -1.442	  -0.800	 +50.000	 +90.000	0.546	0.002	0.679	0.003	0.548	0.543	0.677	0.679
  -0.800	  +0.000	 +50.000	 +90.000	0.624	0.001	0.728	0.002	0.624	0.618	0.730	0.727
  +0.000	  +0.800	 +50.000	 +90.000	0.630	0.002	0.733	0.002	0.630	0.625	0.738	0.733
  +0.800	  +1.442	 +50.000	 +90.000	0.548	0.002	0.680	0.003	0.548	0.542	0.679	0.680
  +1.442	  +1.566	 +50.000	 +90.000	0.416	0.006	0.518	0.008	0.412	0.401	0.519	0.523
  +1.566	  +2.000	 +50.000	 +90.000	0.450	0.003	0.623	0.004	0.450	0.441	0.626	0.629
  +2.000	  +2.500	 +50.000	 +90.000	0.327	0.003	0.554	0.004	0.325	0.312	0.555	0.560
  -2.500	  -2.000	 +90.000	+150.000	0.454	0.015	0.605	0.019	0.446	0.451	0.579	0.606
  -2.000	  -1.566	 +90.000	+150.000	0.517	0.011	0.646	0.015	0.517	0.523	0.660	0.646
  -1.566	  -1.442	 +90.000	+150.000	0.523	0.024	0.616	0.031	0.520	0.538	0.584	0.602
  -1.442	  -0.800	 +90.000	+150.000	0.585	0.007	0.723	0.009	0.583	0.585	0.715	0.724
  -0.800	  +0.000	 +90.000	+150.000	0.689	0.006	0.749	0.008	0.683	0.683	0.769	0.744
  +0.000	  +0.800	 +90.000	+150.000	0.706	0.006	0.776	0.007	0.704	0.704	0.790	0.777
  +0.800	  +1.442	 +90.000	+150.000	0.592	0.008	0.691	0.010	0.584	0.589	0.703	0.691
  +1.442	  +1.566	 +90.000	+150.000	0.485	0.024	0.574	0.035	0.483	0.468	0.576	0.587
  +1.566	  +2.000	 +90.000	+150.000	0.564	0.012	0.645	0.015	0.555	0.556	0.661	0.652
  +2.000	  +2.500	 +90.000	+150.000	0.469	0.018	0.571	0.019	0.469	0.464	0.605	0.567
  -2.500	  -2.000	+150.000	+500.000	0.409	0.033	0.591	0.041	0.401	0.407	0.586	0.608
  -2.000	  -1.566	+150.000	+500.000	0.535	0.024	0.597	0.027	0.527	0.534	0.624	0.592
  -1.566	  -1.442	+150.000	+500.000	0.500	0.049	0.504	0.058	0.488	0.478	0.599	0.504
  -1.442	  -0.800	+150.000	+500.000	0.572	0.014	0.682	0.017	0.572	0.574	0.700	0.694
  -0.800	  +0.000	+150.000	+500.000	0.704	0.007	0.781	0.012	0.706	0.705	0.794	0.783
  +0.000	  +0.800	+150.000	+500.000	0.720	0.011	0.771	0.012	0.712	0.710	0.782	0.771
  +0.800	  +1.442	+150.000	+500.000	0.543	0.014	0.653	0.018	0.540	0.540	0.657	0.662
  +1.442	  +1.566	+150.000	+500.000	0.464	0.049	0.641	0.061	0.479	0.484	0.627	0.636
  +1.566	  +2.000	+150.000	+500.000	0.502	0.023	0.592	0.029	0.497	0.497	0.658	0.605
  +2.000	  +2.500	+150.000	+500.000	0.450	0.044	0.591	0.038	0.399	0.432	0.518	0.591
