### var1 :  Probe_sc_eta 
### var2 :  Probe_pt 
  -2.500	  -2.000	 +10.000	 +15.000	0.276	0.018	0.198	0.011	0.281	0.287	0.222	0.196
  -2.000	  -1.566	 +10.000	 +15.000	0.329	0.020	0.318	0.013	0.328	0.344	0.308	0.314
  -1.566	  -1.442	 +10.000	 +15.000	0.318	0.054	0.320	0.028	0.165	0.331	0.281	0.314
  -1.442	  -0.800	 +10.000	 +15.000	0.435	0.021	0.345	0.012	0.429	0.454	0.361	0.344
  -0.800	  +0.000	 +10.000	 +15.000	0.393	0.014	0.352	0.010	0.390	0.402	0.351	0.355
  +0.000	  +0.800	 +10.000	 +15.000	0.368	0.014	0.365	0.010	0.370	0.382	0.351	0.364
  +0.800	  +1.442	 +10.000	 +15.000	0.396	0.019	0.357	0.012	0.392	0.390	0.377	0.358
  +1.442	  +1.566	 +10.000	 +15.000	0.338	0.053	0.247	0.024	0.330	0.277	0.252	0.247
  +1.566	  +2.000	 +10.000	 +15.000	0.330	0.018	0.330	0.013	0.327	0.334	0.341	0.328
  +2.000	  +2.500	 +10.000	 +15.000	0.280	0.017	0.207	0.011	0.287	0.284	0.220	0.207
  -2.500	  -2.000	 +15.000	 +20.000	0.353	0.012	0.330	0.010	0.358	0.357	0.336	0.332
  -2.000	  -1.566	 +15.000	 +20.000	0.413	0.013	0.445	0.011	0.412	0.414	0.481	0.436
  -1.566	  -1.442	 +15.000	 +20.000	0.370	0.027	0.336	0.019	0.367	0.375	0.321	0.318
  -1.442	  -0.800	 +15.000	 +20.000	0.461	0.007	0.497	0.008	0.459	0.474	0.510	0.498
  -0.800	  +0.000	 +15.000	 +20.000	0.471	0.009	0.514	0.007	0.469	0.469	0.509	0.514
  +0.000	  +0.800	 +15.000	 +20.000	0.520	0.009	0.513	0.007	0.516	0.533	0.512	0.506
  +0.800	  +1.442	 +15.000	 +20.000	0.470	0.011	0.485	0.008	0.468	0.466	0.498	0.486
  +1.442	  +1.566	 +15.000	 +20.000	0.349	0.028	0.307	0.019	0.355	0.297	0.325	0.305
  +1.566	  +2.000	 +15.000	 +20.000	0.430	0.014	0.455	0.010	0.428	0.425	0.466	0.458
  +2.000	  +2.500	 +15.000	 +20.000	0.359	0.012	0.334	0.010	0.359	0.365	0.359	0.332
  -2.500	  -2.000	 +20.000	 +35.000	0.526	0.003	0.535	0.003	0.517	0.548	0.538	0.531
  -2.000	  -1.566	 +20.000	 +35.000	0.573	0.003	0.629	0.002	0.562	0.571	0.636	0.629
  -1.566	  -1.442	 +20.000	 +35.000	0.431	0.005	0.437	0.005	0.432	0.489	0.450	0.454
  -1.442	  -0.800	 +20.000	 +35.000	0.595	0.002	0.646	0.002	0.584	0.580	0.651	0.648
  -0.800	  +0.000	 +20.000	 +35.000	0.611	0.002	0.665	0.001	0.606	0.608	0.671	0.664
  +0.000	  +0.800	 +20.000	 +35.000	0.616	0.002	0.670	0.001	0.610	0.628	0.676	0.669
  +0.800	  +1.442	 +20.000	 +35.000	0.593	0.002	0.637	0.002	0.582	0.590	0.642	0.639
  +1.442	  +1.566	 +20.000	 +35.000	0.437	0.006	0.439	0.005	0.428	0.488	0.456	0.451
  +1.566	  +2.000	 +20.000	 +35.000	0.553	0.003	0.622	0.002	0.553	0.566	0.627	0.624
  +2.000	  +2.500	 +20.000	 +35.000	0.532	0.003	0.539	0.003	0.524	0.556	0.543	0.535
  -2.500	  -2.000	 +35.000	 +50.000	0.666	0.002	0.698	0.001	0.665	0.665	0.700	0.692
  -2.000	  -1.566	 +35.000	 +50.000	0.715	0.001	0.775	0.001	0.715	0.712	0.773	0.769
  -1.566	  -1.442	 +35.000	 +50.000	0.611	0.004	0.646	0.003	0.611	0.608	0.640	0.640
  -1.442	  -0.800	 +35.000	 +50.000	0.722	0.001	0.784	0.001	0.722	0.719	0.784	0.778
  -0.800	  +0.000	 +35.000	 +50.000	0.734	0.001	0.801	0.001	0.734	0.731	0.801	0.793
  +0.000	  +0.800	 +35.000	 +50.000	0.737	0.001	0.804	0.001	0.737	0.734	0.804	0.798
  +0.800	  +1.442	 +35.000	 +50.000	0.719	0.001	0.776	0.001	0.718	0.715	0.777	0.770
  +1.442	  +1.566	 +35.000	 +50.000	0.608	0.004	0.636	0.003	0.604	0.601	0.638	0.629
  +1.566	  +2.000	 +35.000	 +50.000	0.711	0.001	0.773	0.001	0.710	0.709	0.774	0.766
  +2.000	  +2.500	 +35.000	 +50.000	0.667	0.002	0.701	0.001	0.664	0.663	0.702	0.695
  -2.500	  -2.000	 +50.000	 +90.000	0.731	0.005	0.775	0.003	0.729	0.713	0.770	0.776
  -2.000	  -1.566	 +50.000	 +90.000	0.774	0.003	0.822	0.003	0.773	0.762	0.827	0.822
  -1.566	  -1.442	 +50.000	 +90.000	0.632	0.009	0.638	0.008	0.633	0.610	0.652	0.643
  -1.442	  -0.800	 +50.000	 +90.000	0.767	0.003	0.832	0.002	0.766	0.755	0.833	0.832
  -0.800	  +0.000	 +50.000	 +90.000	0.772	0.002	0.838	0.002	0.772	0.758	0.839	0.836
  +0.000	  +0.800	 +50.000	 +90.000	0.769	0.002	0.842	0.002	0.769	0.758	0.845	0.841
  +0.800	  +1.442	 +50.000	 +90.000	0.756	0.002	0.826	0.002	0.756	0.743	0.829	0.821
  +1.442	  +1.566	 +50.000	 +90.000	0.620	0.009	0.645	0.008	0.608	0.597	0.648	0.652
  +1.566	  +2.000	 +50.000	 +90.000	0.766	0.003	0.824	0.003	0.765	0.754	0.827	0.828
  +2.000	  +2.500	 +50.000	 +90.000	0.723	0.004	0.765	0.003	0.722	0.704	0.770	0.767
  -2.500	  -2.000	 +90.000	+150.000	0.863	0.018	0.841	0.014	0.841	0.852	0.849	0.843
  -2.000	  -1.566	 +90.000	+150.000	0.871	0.013	0.871	0.011	0.858	0.865	0.875	0.868
  -1.566	  -1.442	 +90.000	+150.000	0.730	0.041	0.730	0.029	0.711	0.728	0.721	0.728
  -1.442	  -0.800	 +90.000	+150.000	0.822	0.009	0.875	0.007	0.822	0.825	0.874	0.878
  -0.800	  +0.000	 +90.000	+150.000	0.828	0.008	0.862	0.006	0.824	0.823	0.867	0.859
  +0.000	  +0.800	 +90.000	+150.000	0.826	0.008	0.869	0.006	0.820	0.824	0.873	0.866
  +0.800	  +1.442	 +90.000	+150.000	0.816	0.010	0.870	0.007	0.801	0.805	0.870	0.868
  +1.442	  +1.566	 +90.000	+150.000	0.651	0.042	0.674	0.034	0.644	0.644	0.725	0.698
  +1.566	  +2.000	 +90.000	+150.000	0.875	0.014	0.886	0.010	0.866	0.873	0.861	0.883
  +2.000	  +2.500	 +90.000	+150.000	0.823	0.021	0.861	0.013	0.824	0.830	0.847	0.853
  -2.500	  -2.000	+150.000	+500.000	0.814	0.038	0.863	0.027	0.813	0.814	0.851	0.850
  -2.000	  -1.566	+150.000	+500.000	0.924	0.025	0.909	0.015	0.905	0.904	0.922	0.909
  -1.566	  -1.442	+150.000	+500.000	0.704	0.059	0.712	0.051	0.704	0.705	0.743	0.701
  -1.442	  -0.800	+150.000	+500.000	0.852	0.017	0.863	0.013	0.851	0.852	0.902	0.872
  -0.800	  +0.000	+150.000	+500.000	0.851	0.014	0.879	0.010	0.835	0.840	0.891	0.878
  +0.000	  +0.800	+150.000	+500.000	0.849	0.014	0.872	0.010	0.842	0.843	0.893	0.873
  +0.800	  +1.442	+150.000	+500.000	0.808	0.020	0.882	0.012	0.809	0.812	0.867	0.879
  +1.442	  +1.566	+150.000	+500.000	0.747	0.055	0.724	0.056	0.749	0.760	0.743	0.711
  +1.566	  +2.000	+150.000	+500.000	0.890	0.026	0.866	0.020	0.885	0.892	0.906	0.877
  +2.000	  +2.500	+150.000	+500.000	0.794	0.040	0.860	0.027	0.827	0.829	0.904	0.873
