### var1 :  Probe_sc_eta 
### var2 :  Probe_pt 
  -2.500	  -2.000	 +10.000	 +15.000	0.187	0.010	0.193	0.011	0.187	0.197	0.214	0.192
  -2.000	  -1.566	 +10.000	 +15.000	0.269	0.013	0.315	0.013	0.266	0.307	0.303	0.313
  -1.566	  -1.442	 +10.000	 +15.000	0.158	0.013	0.315	0.028	0.270	0.320	0.264	0.308
  -1.442	  -0.800	 +10.000	 +15.000	0.393	0.014	0.338	0.012	0.389	0.445	0.354	0.339
  -0.800	  +0.000	 +10.000	 +15.000	0.339	0.010	0.349	0.010	0.339	0.359	0.348	0.352
  +0.000	  +0.800	 +10.000	 +15.000	0.375	0.010	0.362	0.010	0.372	0.383	0.349	0.360
  +0.800	  +1.442	 +10.000	 +15.000	0.411	0.015	0.349	0.012	0.407	0.413	0.366	0.350
  +1.442	  +1.566	 +10.000	 +15.000	0.275	0.031	0.242	0.023	0.268	0.253	0.247	0.247
  +1.566	  +2.000	 +10.000	 +15.000	0.294	0.013	0.326	0.013	0.291	0.237	0.336	0.323
  +2.000	  +2.500	 +10.000	 +15.000	0.231	0.011	0.203	0.011	0.228	0.230	0.211	0.203
  -2.500	  -2.000	 +15.000	 +20.000	0.270	0.008	0.316	0.010	0.269	0.271	0.316	0.319
  -2.000	  -1.566	 +15.000	 +20.000	0.396	0.009	0.435	0.010	0.398	0.407	0.473	0.425
  -1.566	  -1.442	 +15.000	 +20.000	0.314	0.018	0.322	0.019	0.310	0.319	0.300	0.304
  -1.442	  -0.800	 +15.000	 +20.000	0.436	0.006	0.486	0.008	0.433	0.442	0.496	0.486
  -0.800	  +0.000	 +15.000	 +20.000	0.470	0.006	0.510	0.007	0.465	0.466	0.506	0.511
  +0.000	  +0.800	 +15.000	 +20.000	0.497	0.007	0.511	0.007	0.492	0.495	0.507	0.504
  +0.800	  +1.442	 +15.000	 +20.000	0.433	0.007	0.471	0.008	0.431	0.421	0.482	0.471
  +1.442	  +1.566	 +15.000	 +20.000	0.325	0.019	0.291	0.018	0.324	0.307	0.312	0.289
  +1.566	  +2.000	 +15.000	 +20.000	0.395	0.010	0.447	0.010	0.405	0.406	0.457	0.449
  +2.000	  +2.500	 +15.000	 +20.000	0.280	0.008	0.313	0.010	0.279	0.285	0.338	0.313
  -2.500	  -2.000	 +20.000	 +35.000	0.401	0.002	0.495	0.003	0.395	0.417	0.499	0.491
  -2.000	  -1.566	 +20.000	 +35.000	0.534	0.002	0.609	0.002	0.524	0.534	0.616	0.610
  -1.566	  -1.442	 +20.000	 +35.000	0.392	0.004	0.412	0.005	0.391	0.443	0.423	0.429
  -1.442	  -0.800	 +20.000	 +35.000	0.569	0.001	0.624	0.002	0.559	0.556	0.629	0.626
  -0.800	  +0.000	 +20.000	 +35.000	0.622	0.001	0.660	0.001	0.614	0.621	0.666	0.660
  +0.000	  +0.800	 +20.000	 +35.000	0.627	0.001	0.664	0.001	0.620	0.640	0.671	0.663
  +0.800	  +1.442	 +20.000	 +35.000	0.563	0.001	0.613	0.002	0.552	0.564	0.619	0.615
  +1.442	  +1.566	 +20.000	 +35.000	0.388	0.004	0.413	0.005	0.384	0.437	0.430	0.426
  +1.566	  +2.000	 +20.000	 +35.000	0.520	0.002	0.603	0.002	0.514	0.553	0.606	0.605
  +2.000	  +2.500	 +20.000	 +35.000	0.411	0.002	0.499	0.003	0.400	0.422	0.502	0.495
  -2.500	  -2.000	 +35.000	 +50.000	0.531	0.001	0.637	0.001	0.529	0.528	0.639	0.633
  -2.000	  -1.566	 +35.000	 +50.000	0.664	0.001	0.746	0.001	0.663	0.660	0.744	0.740
  -1.566	  -1.442	 +35.000	 +50.000	0.570	0.002	0.611	0.003	0.570	0.565	0.604	0.605
  -1.442	  -0.800	 +35.000	 +50.000	0.694	0.001	0.758	0.001	0.694	0.691	0.758	0.751
  -0.800	  +0.000	 +35.000	 +50.000	0.747	0.001	0.795	0.001	0.747	0.743	0.795	0.787
  +0.000	  +0.800	 +35.000	 +50.000	0.752	0.001	0.798	0.001	0.751	0.748	0.798	0.791
  +0.800	  +1.442	 +35.000	 +50.000	0.690	0.001	0.747	0.001	0.689	0.686	0.748	0.741
  +1.442	  +1.566	 +35.000	 +50.000	0.554	0.003	0.602	0.003	0.553	0.550	0.602	0.598
  +1.566	  +2.000	 +35.000	 +50.000	0.670	0.001	0.745	0.001	0.668	0.666	0.746	0.738
  +2.000	  +2.500	 +35.000	 +50.000	0.531	0.001	0.639	0.001	0.528	0.527	0.637	0.634
  -2.500	  -2.000	 +50.000	 +90.000	0.568	0.004	0.694	0.004	0.567	0.557	0.691	0.691
  -2.000	  -1.566	 +50.000	 +90.000	0.704	0.003	0.788	0.003	0.703	0.692	0.791	0.784
  -1.566	  -1.442	 +50.000	 +90.000	0.577	0.006	0.604	0.008	0.575	0.558	0.618	0.609
  -1.442	  -0.800	 +50.000	 +90.000	0.729	0.002	0.803	0.002	0.729	0.723	0.802	0.802
  -0.800	  +0.000	 +50.000	 +90.000	0.784	0.002	0.831	0.002	0.784	0.772	0.833	0.830
  +0.000	  +0.800	 +50.000	 +90.000	0.782	0.002	0.835	0.002	0.781	0.772	0.837	0.835
  +0.800	  +1.442	 +50.000	 +90.000	0.730	0.002	0.794	0.002	0.730	0.718	0.797	0.790
  +1.442	  +1.566	 +50.000	 +90.000	0.560	0.006	0.610	0.008	0.560	0.544	0.614	0.614
  +1.566	  +2.000	 +50.000	 +90.000	0.711	0.003	0.787	0.003	0.711	0.701	0.791	0.789
  +2.000	  +2.500	 +50.000	 +90.000	0.577	0.004	0.686	0.004	0.574	0.555	0.689	0.684
  -2.500	  -2.000	 +90.000	+150.000	0.669	0.016	0.720	0.017	0.657	0.670	0.733	0.716
  -2.000	  -1.566	 +90.000	+150.000	0.764	0.011	0.794	0.013	0.764	0.773	0.806	0.791
  -1.566	  -1.442	 +90.000	+150.000	0.639	0.026	0.699	0.030	0.629	0.644	0.662	0.693
  -1.442	  -0.800	 +90.000	+150.000	0.797	0.007	0.840	0.008	0.790	0.794	0.839	0.842
  -0.800	  +0.000	 +90.000	+150.000	0.831	0.005	0.852	0.006	0.826	0.828	0.858	0.851
  +0.000	  +0.800	 +90.000	+150.000	0.833	0.005	0.858	0.006	0.827	0.830	0.864	0.855
  +0.800	  +1.442	 +90.000	+150.000	0.781	0.007	0.839	0.008	0.773	0.778	0.827	0.841
  +1.442	  +1.566	 +90.000	+150.000	0.658	0.027	0.637	0.034	0.662	0.657	0.650	0.665
  +1.566	  +2.000	 +90.000	+150.000	0.755	0.011	0.815	0.012	0.753	0.749	0.794	0.812
  +2.000	  +2.500	 +90.000	+150.000	0.669	0.018	0.729	0.017	0.664	0.663	0.720	0.724
  -2.500	  -2.000	+150.000	+500.000	0.601	0.040	0.694	0.037	0.610	0.610	0.690	0.685
  -2.000	  -1.566	+150.000	+500.000	0.796	0.022	0.805	0.022	0.764	0.779	0.806	0.803
  -1.566	  -1.442	+150.000	+500.000	0.596	0.045	0.633	0.054	0.597	0.597	0.663	0.633
  -1.442	  -0.800	+150.000	+500.000	0.786	0.013	0.805	0.015	0.786	0.788	0.857	0.815
  -0.800	  +0.000	+150.000	+500.000	0.836	0.007	0.859	0.010	0.824	0.824	0.878	0.862
  +0.000	  +0.800	+150.000	+500.000	0.802	0.010	0.859	0.010	0.802	0.808	0.874	0.860
  +0.800	  +1.442	+150.000	+500.000	0.766	0.013	0.823	0.014	0.766	0.764	0.801	0.818
  +1.442	  +1.566	+150.000	+500.000	0.514	0.053	0.680	0.058	0.522	0.530	0.691	0.664
  +1.566	  +2.000	+150.000	+500.000	0.770	0.022	0.764	0.024	0.772	0.773	0.850	0.768
  +2.000	  +2.500	+150.000	+500.000	0.643	0.036	0.646	0.037	0.642	0.693	0.707	0.663
