### var1 :  Probe_sc_eta 
### var2 :  Probe_pt 
  -2.500	  -2.000	 +10.000	 +15.000	0.069	0.002	0.082	0.006	0.069	0.074	0.079	0.083
  -2.000	  -1.566	 +10.000	 +15.000	0.099	0.003	0.131	0.007	0.098	0.103	0.141	0.127
  -1.566	  -1.442	 +10.000	 +15.000	0.098	0.007	0.112	0.013	0.096	0.109	0.071	0.115
  -1.442	  -0.800	 +10.000	 +15.000	0.149	0.003	0.164	0.007	0.148	0.151	0.171	0.154
  -0.800	  +0.000	 +10.000	 +15.000	0.169	0.004	0.217	0.008	0.167	0.169	0.204	0.222
  +0.000	  +0.800	 +10.000	 +15.000	0.177	0.004	0.216	0.008	0.176	0.171	0.226	0.220
  +0.800	  +1.442	 +10.000	 +15.000	0.143	0.003	0.176	0.007	0.142	0.142	0.169	0.170
  +1.442	  +1.566	 +10.000	 +15.000	0.081	0.007	0.067	0.010	0.079	0.098	0.076	0.067
  +1.566	  +2.000	 +10.000	 +15.000	0.086	0.003	0.114	0.006	0.085	0.088	0.120	0.115
  +2.000	  +2.500	 +10.000	 +15.000	0.074	0.003	0.108	0.006	0.077	0.085	0.104	0.100
  -2.500	  -2.000	 +15.000	 +20.000	0.174	0.003	0.195	0.006	0.174	0.174	0.191	0.193
  -2.000	  -1.566	 +15.000	 +20.000	0.203	0.003	0.257	0.006	0.203	0.202	0.259	0.252
  -1.566	  -1.442	 +15.000	 +20.000	0.135	0.003	0.148	0.009	0.134	0.100	0.146	0.160
  -1.442	  -0.800	 +15.000	 +20.000	0.270	0.002	0.317	0.006	0.269	0.268	0.329	0.308
  -0.800	  +0.000	 +15.000	 +20.000	0.308	0.003	0.372	0.005	0.305	0.302	0.379	0.373
  +0.000	  +0.800	 +15.000	 +20.000	0.341	0.003	0.383	0.005	0.337	0.334	0.387	0.385
  +0.800	  +1.442	 +15.000	 +20.000	0.265	0.003	0.316	0.006	0.262	0.263	0.319	0.307
  +1.442	  +1.566	 +15.000	 +20.000	0.118	0.004	0.140	0.009	0.117	0.117	0.152	0.138
  +1.566	  +2.000	 +15.000	 +20.000	0.184	0.003	0.239	0.006	0.183	0.183	0.246	0.236
  +2.000	  +2.500	 +15.000	 +20.000	0.175	0.003	0.235	0.006	0.176	0.171	0.222	0.241
  -2.500	  -2.000	 +20.000	 +35.000	0.271	0.001	0.322	0.002	0.269	0.276	0.323	0.322
  -2.000	  -1.566	 +20.000	 +35.000	0.314	0.001	0.393	0.002	0.312	0.322	0.398	0.388
  -1.566	  -1.442	 +20.000	 +35.000	0.238	0.001	0.276	0.003	0.237	0.281	0.281	0.268
  -1.442	  -0.800	 +20.000	 +35.000	0.409	0.001	0.484	0.001	0.407	0.412	0.490	0.476
  -0.800	  +0.000	 +20.000	 +35.000	0.446	0.001	0.529	0.001	0.443	0.447	0.534	0.521
  +0.000	  +0.800	 +20.000	 +35.000	0.469	0.001	0.532	0.001	0.464	0.469	0.535	0.524
  +0.800	  +1.442	 +20.000	 +35.000	0.407	0.001	0.490	0.001	0.403	0.410	0.493	0.482
  +1.442	  +1.566	 +20.000	 +35.000	0.216	0.001	0.273	0.003	0.217	0.258	0.275	0.264
  +1.566	  +2.000	 +20.000	 +35.000	0.292	0.001	0.385	0.002	0.292	0.299	0.387	0.379
  +2.000	  +2.500	 +20.000	 +35.000	0.272	0.001	0.348	0.002	0.269	0.277	0.348	0.345
  -2.500	  -2.000	 +35.000	 +50.000	0.330	0.001	0.399	0.001	0.330	0.328	0.402	0.408
  -2.000	  -1.566	 +35.000	 +50.000	0.385	0.001	0.479	0.001	0.385	0.380	0.480	0.484
  -1.566	  -1.442	 +35.000	 +50.000	0.378	0.001	0.447	0.003	0.378	0.374	0.443	0.454
  -1.442	  -0.800	 +35.000	 +50.000	0.499	0.001	0.595	0.001	0.499	0.494	0.595	0.597
  -0.800	  +0.000	 +35.000	 +50.000	0.532	0.001	0.632	0.001	0.532	0.529	0.632	0.634
  +0.000	  +0.800	 +35.000	 +50.000	0.552	0.001	0.626	0.001	0.551	0.547	0.624	0.627
  +0.800	  +1.442	 +35.000	 +50.000	0.501	0.001	0.598	0.001	0.500	0.496	0.597	0.599
  +1.442	  +1.566	 +35.000	 +50.000	0.351	0.001	0.435	0.003	0.351	0.349	0.436	0.436
  +1.566	  +2.000	 +35.000	 +50.000	0.370	0.001	0.476	0.001	0.370	0.368	0.476	0.479
  +2.000	  +2.500	 +35.000	 +50.000	0.334	0.001	0.427	0.001	0.332	0.332	0.428	0.431
  -2.500	  -2.000	 +50.000	 +90.000	0.360	0.002	0.439	0.004	0.358	0.349	0.439	0.450
  -2.000	  -1.566	 +50.000	 +90.000	0.423	0.001	0.522	0.003	0.423	0.414	0.523	0.523
  -1.566	  -1.442	 +50.000	 +90.000	0.433	0.003	0.508	0.006	0.432	0.421	0.495	0.506
  -1.442	  -0.800	 +50.000	 +90.000	0.526	0.001	0.632	0.002	0.527	0.520	0.632	0.633
  -0.800	  +0.000	 +50.000	 +90.000	0.580	0.001	0.683	0.001	0.580	0.573	0.685	0.683
  +0.000	  +0.800	 +50.000	 +90.000	0.597	0.001	0.675	0.001	0.597	0.590	0.675	0.678
  +0.800	  +1.442	 +50.000	 +90.000	0.531	0.001	0.635	0.002	0.530	0.521	0.635	0.637
  +1.442	  +1.566	 +50.000	 +90.000	0.397	0.003	0.496	0.006	0.392	0.395	0.491	0.498
  +1.566	  +2.000	 +50.000	 +90.000	0.412	0.001	0.523	0.003	0.412	0.405	0.525	0.524
  +2.000	  +2.500	 +50.000	 +90.000	0.356	0.002	0.457	0.003	0.355	0.346	0.457	0.462
  -2.500	  -2.000	 +90.000	+150.000	0.376	0.008	0.436	0.017	0.375	0.376	0.442	0.435
  -2.000	  -1.566	 +90.000	+150.000	0.439	0.006	0.537	0.014	0.436	0.438	0.557	0.528
  -1.566	  -1.442	 +90.000	+150.000	0.401	0.015	0.480	0.028	0.381	0.387	0.432	0.452
  -1.442	  -0.800	 +90.000	+150.000	0.492	0.004	0.613	0.009	0.493	0.493	0.609	0.617
  -0.800	  +0.000	 +90.000	+150.000	0.617	0.003	0.718	0.006	0.611	0.611	0.699	0.721
  +0.000	  +0.800	 +90.000	+150.000	0.624	0.003	0.702	0.007	0.620	0.622	0.693	0.700
  +0.800	  +1.442	 +90.000	+150.000	0.505	0.003	0.607	0.009	0.501	0.507	0.623	0.622
  +1.442	  +1.566	 +90.000	+150.000	0.381	0.010	0.433	0.028	0.381	0.385	0.463	0.445
  +1.566	  +2.000	 +90.000	+150.000	0.425	0.006	0.529	0.014	0.420	0.424	0.528	0.520
  +2.000	  +2.500	 +90.000	+150.000	0.375	0.008	0.441	0.017	0.377	0.375	0.471	0.456
  -2.500	  -2.000	+150.000	+500.000	0.374	0.021	0.425	0.041	0.362	0.376	0.428	0.407
  -2.000	  -1.566	+150.000	+500.000	0.424	0.013	0.487	0.028	0.423	0.422	0.481	0.483
  -1.566	  -1.442	+150.000	+500.000	0.396	0.028	0.432	0.052	0.383	0.382	0.385	0.448
  -1.442	  -0.800	+150.000	+500.000	0.483	0.008	0.566	0.017	0.476	0.480	0.562	0.563
  -0.800	  +0.000	+150.000	+500.000	0.636	0.006	0.738	0.012	0.630	0.628	0.697	0.731
  +0.000	  +0.800	+150.000	+500.000	0.640	0.006	0.708	0.013	0.636	0.632	0.694	0.715
  +0.800	  +1.442	+150.000	+500.000	0.475	0.008	0.581	0.018	0.472	0.471	0.566	0.570
  +1.442	  +1.566	+150.000	+500.000	0.336	0.027	0.556	0.059	0.331	0.326	0.527	0.582
  +1.566	  +2.000	+150.000	+500.000	0.399	0.013	0.487	0.029	0.392	0.392	0.513	0.496
  +2.000	  +2.500	+150.000	+500.000	0.318	0.021	0.404	0.040	0.319	0.315	0.424	0.392
